ABFT flag triggered! 
0.000000 0.000000 0.000000 0.000000 0.000000 0.000000 0.000000 0.000000 0.000000 0.000000 0.000000 0.000000 0.000000 0.000000 0.000000 0.000000 0.000000 0.000000 0.000000 0.000000 0.000000 0.000000 0.000000 0.000000 0.000000 0.000000 0.000000 0.000000 0.000000 0.000000 0.000000 0.000000 0.000000 29937604643020797174845590695552578491011768906531863122538208636558178378034460986774369482389535516340136702662887428659586569825903904911087576974272471304800085094266285147763065821665444807739800351168158859899962156826813055833332829026720662362606813603136340624635377428455160148918272.000000 0.000000 1201109951905049886653554379305616959315494960198584677686469470851495926136962017128887056869957764449518830925521118353611342685886281341240736934270534533957229976519635300931574825039149112159482549896313665196181749944304918337063239315606550011781018807482602207677835373716503414177792.000000 
csc: 
 0.000000 0.000000 0.000000 0.000000 0.000000 0.000000 0.000000 0.000000 0.000000 0.000000 0.000000 0.000000 0.000000 0.000000 0.000000 0.000000 0.000000 0.000000 0.000000 0.000000 0.000000 0.000000 0.000000 0.000000 0.000000 0.000000 0.000000 0.000000 0.000000 0.000000 0.000000 0.000000 0.000000 29937604643020797174845590695552578491011768906531863122538208636558178378034460986774369482389535516340136702662887428659586569825903904911087576974272471304800085094266285147763065821665444807739800351168158859899962156826813055833332829026720662362606813603136340624635377428455160148918272.000000 0.000000 1201109951905049886653554379305616959315494960198584677686469470851495926136962017128887056869957764449518830925521118353611342685886281341240736934270534533957229976519635300931574825039149112159482549896313665196181749944304918337063239315606550011781018807482602207677835373716503414177792.000000 
ABFT flag triggered! 
11356079253781171217983210336381247658210954585029908393774606745801330364454349880306552733150841394279022197495858590591518316618004904682207496288058527315990417329627319729315875026165492034917409438614398793940337243278082926992764886202188326980014061430019700138491396746700047881828303889663787008.000000 17043984693440564372571820300019953659944144563454447482263575726974114207207062962761803706752911198582266608088683725009197316496552464092958500091228851696628405763657606802485180440162470660247723855157572303153659501055691517288803657244942386465835264283884691626609229125556778594794392765163634688.000000 11241071795549358788445409790695603129748766841835678186476393284220533540833959175275668566814525116311381155413884012944956889888006981357565145935439524327732104598971232721538543998491049537788864496459390184447081926026851328338457944342145485541206163650211558146898894173386888753958295299386507264.000000 22340616076459919835726596663761099896532996795344212724810670122458408949933489990363047197991702460567444215618424650684205601633821498806509722067197234462581569559451274542440689530426986870037576267133960603028659655257813706888116373481843693129384515924614821645446402654468303328150102610932662272.000000 12170847827797918694773105469772276240366939872949304980315701854390673128334306287234639754029685128009992656336627769998508135448809856265479419019183512272180005883231035386559285198888788042209215684148064616199927339222256983828802426778990675849468688792969451201436858078241063987701748118400794624.000000 9566844380916630221155283235580568200250562817751748165811921369180570267246901675428091467623916787983728236737903621378851348462911221216367959523581451535050771330187556797162095273319336922421891841410679557224824928705211543944088354796380044269941663054415704860565496133473076165862135957989359616.000000 19904960915799135118721426554079034880223320447180793459854550066959418954095574645471902532156425737059546609366899959393056766870142498138249273981931293209306088116979639535281666889036175992827960075404424193829284731303492047869505958931776652474130100576286645190842699082521374423553757020235497472.000000 5169375307692772635535287565454903942400799002475451029512280132862267252395359187019136145153739720350025095789675242582390345657181174460914744188459937120983705394810401088488145955411799576574111004419336489774582792775206455391231232274946197850304765565442030385090727307852406077631590754026520576.000000 327639804516833728833480941183547792432124272027091309700962895079846461105307468881534024664273920170765323424538222794798138142041766028772563111311231838223591898970622081330343991429269469131992187863681630074799576283594696401298157702529431262380898612046151325530507764530764696239144741392875520.000000 23746210260152688748332872947220302711164928537376211803414074517691571208828502354875803739168360692478833409870768528800369447797586026003555384211516918133598308557787174375125385566139974850306129976844706147516022642583597486856023069319445222809180854054265908397670319143823474340670805651247595520.000000 
 prediction: 48
Memory access fault by GPU node-1 (Agent handle: 0x5618ca2b3af0) on address 0x2b8e9000. Reason: Page not present or supervisor privilege.

Process finished with exit code 134 (interrupted by signal 6:SIGABRT)
