//N = 0--------------------------------------------
//M = 0 
0.010000 0.010000 0.010000 0.010000 0.010000 
0.010000 0.010000 0.010000 0.010000 0.010000 
0.010000 0.010000 0.010000 0.010000 0.010000 
0.010000 0.010000 0.010000 0.010000 0.010000 
0.010000 0.010000 0.010000 0.010000 0.010000 

//M = 1 
0.010000 0.010000 0.010000 0.010000 0.010000 
0.010000 0.010000 0.010000 0.010000 0.010000 
0.010000 0.010000 0.010000 0.010000 0.010000 
0.010000 0.010000 0.010000 0.010000 0.010000 
0.010000 0.010000 0.010000 0.010000 0.010000 

//M = 2 
0.010000 0.010000 0.010000 0.010000 0.010000 
0.010000 0.010000 0.010000 0.010000 0.010000 
0.010000 0.010000 0.010000 0.010000 0.010000 
0.010000 0.010000 0.010000 0.010000 0.010000 
0.010000 0.010000 0.010000 0.010000 0.010000 

//M = 3 
0.010000 0.010000 0.010000 0.010000 0.010000 
0.010000 0.010000 0.010000 0.010000 0.010000 
0.010000 0.010000 0.010000 0.010000 0.010000 
0.010000 0.010000 0.010000 0.010000 0.010000 
0.010000 0.010000 0.010000 0.010000 0.010000 

//M = 4 
0.010000 0.010000 0.010000 0.010000 0.010000 
0.010000 0.010000 0.010000 0.010000 0.010000 
0.010000 0.010000 0.010000 0.010000 0.010000 
0.010000 0.010000 0.010000 0.010000 0.010000 
0.010000 0.010000 0.010000 0.010000 0.010000 

//M = 5 
0.010000 0.010000 0.010000 0.010000 0.010000 
0.010000 0.010000 0.010000 0.010000 0.010000 
0.010000 0.010000 0.010000 0.010000 0.010000 
0.010000 0.010000 0.010000 0.010000 0.010000 
0.010000 0.010000 0.010000 0.010000 0.010000 

