//N = 0--------------------------------------------
//M = 0 
0.009995 0.009995 0.009995 0.009995 0.009995 
0.009995 0.009995 0.009995 0.009995 0.009995 
0.009995 0.009995 0.009995 0.009995 0.009995 
0.009995 0.009995 0.009995 0.009995 0.009995 
0.009995 0.009995 0.009995 0.009995 0.009995 

//M = 1 
0.019989 0.019989 0.019989 0.019989 0.019989 
0.019989 0.019989 0.019989 0.019989 0.019989 
0.019989 0.019989 0.019989 0.019989 0.019989 
0.019989 0.019989 0.019989 0.019989 0.019989 
0.019989 0.019989 0.019989 0.019989 0.019989 

//M = 2 
0.029999 0.029999 0.029999 0.029999 0.029999 
0.029999 0.029999 0.029999 0.029999 0.029999 
0.029999 0.029999 0.029999 0.029999 0.029999 
0.029999 0.029999 0.029999 0.029999 0.029999 
0.029999 0.029999 0.029999 0.029999 0.029999 

//M = 3 
0.039978 0.039978 0.039978 0.039978 0.039978 
0.039978 0.039978 0.039978 0.039978 0.039978 
0.039978 0.039978 0.039978 0.039978 0.039978 
0.039978 0.039978 0.039978 0.039978 0.039978 
0.039978 0.039978 0.039978 0.039978 0.039978 

//M = 4 
0.049988 0.049988 0.049988 0.049988 0.049988 
0.049988 0.049988 0.049988 0.049988 0.049988 
0.049988 0.049988 0.049988 0.049988 0.049988 
0.049988 0.049988 0.049988 0.049988 0.049988 
0.049988 0.049988 0.049988 0.049988 0.049988 

//M = 5 
0.059998 0.059998 0.059998 0.059998 0.059998 
0.059998 0.059998 0.059998 0.059998 0.059998 
0.059998 0.059998 0.059998 0.059998 0.059998 
0.059998 0.059998 0.059998 0.059998 0.059998 
0.059998 0.059998 0.059998 0.059998 0.059998 

