//M = 0 
0.624512 0.624512 0.624512 0.624512 0.624512 0.624512 0.624512 0.624512 0.624512 0.624512 0.624512 0.624512 0.624512 0.624512 0.624512 0.624512 0.624512 0.624512 0.624512 0.624512 0.624512 0.624512 0.624512 0.624512 0.624512 0.624512 0.624512 0.624512 
0.624512 0.624512 0.624512 0.624512 0.624512 0.624512 0.624512 0.624512 0.624512 0.624512 0.624512 0.624512 0.624512 0.624512 0.624512 0.624512 0.624512 0.624512 0.624512 0.624512 0.624512 0.624512 0.624512 0.624512 0.624512 0.624512 0.624512 0.624512 
0.624512 0.624512 0.624512 0.624512 0.624512 0.624512 0.624512 0.624512 0.624512 0.624512 0.624512 0.624512 0.624512 0.624512 0.624512 0.624512 0.624512 0.624512 0.624512 0.624512 0.624512 0.624512 0.624512 0.624512 0.624512 0.624512 0.624512 0.624512 
0.624512 0.624512 0.624512 0.624512 0.624512 0.624512 0.624512 0.624512 0.624512 0.624512 0.624512 0.624512 0.624512 0.624512 0.624512 0.624512 0.624512 0.624512 0.624512 0.624512 0.624512 0.624512 0.624512 0.624512 0.624512 0.624512 0.624512 0.624512 
0.624512 0.624512 0.624512 0.624512 0.624512 0.624512 0.624512 0.624512 0.624512 0.624512 0.624512 0.624512 0.624512 0.624512 0.624512 0.624512 0.624512 0.624512 0.624512 0.624512 0.624512 0.624512 0.624512 0.624512 0.624512 0.624512 0.624512 0.624512 
0.624512 0.624512 0.624512 0.624512 0.624512 0.624512 0.624512 0.624512 0.624512 0.624512 0.624512 0.624512 0.624512 0.624512 0.624512 0.624512 0.624512 0.624512 0.624512 0.624512 0.624512 0.624512 0.624512 0.624512 0.624512 0.624512 0.624512 0.624512 
0.624512 0.624512 0.624512 0.624512 0.624512 0.624512 0.624512 0.624512 0.624512 0.624512 0.624512 0.624512 0.624512 0.624512 0.624512 0.624512 0.624512 0.624512 0.624512 0.624512 0.624512 0.624512 0.624512 0.624512 0.624512 0.624512 0.624512 0.624512 
0.624512 0.624512 0.624512 0.624512 0.624512 0.624512 0.624512 0.624512 0.624512 0.624512 0.624512 0.624512 0.624512 0.624512 0.624512 0.624512 0.624512 0.624512 0.624512 0.624512 0.624512 0.624512 0.624512 0.624512 0.624512 0.624512 0.624512 0.624512 
0.624512 0.624512 0.624512 0.624512 0.624512 0.624512 0.624512 0.624512 0.624512 0.624512 0.624512 0.624512 0.624512 0.624512 0.624512 0.624512 0.624512 0.624512 0.624512 0.624512 0.624512 0.624512 0.624512 0.624512 0.624512 0.624512 0.624512 0.624512 
0.624512 0.624512 0.624512 0.624512 0.624512 0.624512 0.624512 0.624512 0.624512 0.624512 0.624512 0.624512 0.624512 0.624512 0.624512 0.624512 0.624512 0.624512 0.624512 0.624512 0.624512 0.624512 0.624512 0.624512 0.624512 0.624512 0.624512 0.624512 
0.624512 0.624512 0.624512 0.624512 0.624512 0.624512 0.624512 0.624512 0.624512 0.624512 0.624512 0.624512 0.624512 0.624512 0.624512 0.624512 0.624512 0.624512 0.624512 0.624512 0.624512 0.624512 0.624512 0.624512 0.624512 0.624512 0.624512 0.624512 
0.624512 0.624512 0.624512 0.624512 0.624512 0.624512 0.624512 0.624512 0.624512 0.624512 0.624512 0.624512 0.624512 0.624512 0.624512 0.624512 0.624512 0.624512 0.624512 0.624512 0.624512 0.624512 0.624512 0.624512 0.624512 0.624512 0.624512 0.624512 
0.624512 0.624512 0.624512 0.624512 0.624512 0.624512 0.624512 0.624512 0.624512 0.624512 0.624512 0.624512 0.624512 0.624512 0.624512 0.624512 0.624512 0.624512 0.624512 0.624512 0.624512 0.624512 0.624512 0.624512 0.624512 0.624512 0.624512 0.624512 
0.624512 0.624512 0.624512 0.624512 0.624512 0.624512 0.624512 0.624512 0.624512 0.624512 0.624512 0.624512 0.624512 0.624512 0.624512 0.624512 0.624512 0.624512 0.624512 0.624512 0.624512 0.624512 0.624512 0.624512 0.624512 0.624512 0.624512 0.624512 
0.624512 0.624512 0.624512 0.624512 0.624512 0.624512 0.624512 0.624512 0.624512 0.624512 0.624512 0.624512 0.624512 0.624512 0.624512 0.624512 0.624512 0.624512 0.624512 0.624512 0.624512 0.624512 0.624512 0.624512 0.624512 0.624512 0.624512 0.624512 
0.624512 0.624512 0.624512 0.624512 0.624512 0.624512 0.624512 0.624512 0.624512 0.624512 0.624512 0.624512 0.624512 0.624512 0.624512 0.624512 0.624512 0.624512 0.624512 0.624512 0.624512 0.624512 0.624512 0.624512 0.624512 0.624512 0.624512 0.624512 
0.624512 0.624512 0.624512 0.624512 0.624512 0.624512 0.624512 0.624512 0.624512 0.624512 0.624512 0.624512 0.624512 0.624512 0.624512 0.624512 0.624512 0.624512 0.624512 0.624512 0.624512 0.624512 0.624512 0.624512 0.624512 0.624512 0.624512 0.624512 
0.624512 0.624512 0.624512 0.624512 0.624512 0.624512 0.624512 0.624512 0.624512 0.624512 0.624512 0.624512 0.624512 0.624512 0.624512 0.624512 0.624512 0.624512 0.624512 0.624512 0.624512 0.624512 0.624512 0.624512 0.624512 0.624512 0.624512 0.624512 
0.624512 0.624512 0.624512 0.624512 0.624512 0.624512 0.624512 0.624512 0.624512 0.624512 0.624512 0.624512 0.624512 0.624512 0.624512 0.624512 0.624512 0.624512 0.624512 0.624512 0.624512 0.624512 0.624512 0.624512 0.624512 0.624512 0.624512 0.624512 
0.624512 0.624512 0.624512 0.624512 0.624512 0.624512 0.624512 0.624512 0.624512 0.624512 0.624512 0.624512 0.624512 0.624512 0.624512 0.624512 0.624512 0.624512 0.624512 0.624512 0.624512 0.624512 0.624512 0.624512 0.624512 0.624512 0.624512 0.624512 
0.624512 0.624512 0.624512 0.624512 0.624512 0.624512 0.624512 0.624512 0.624512 0.624512 0.624512 0.624512 0.624512 0.624512 0.624512 0.624512 0.624512 0.624512 0.624512 0.624512 0.624512 0.624512 0.624512 0.624512 0.624512 0.624512 0.624512 0.624512 
0.624512 0.624512 0.624512 0.624512 0.624512 0.624512 0.624512 0.624512 0.624512 0.624512 0.624512 0.624512 0.624512 0.624512 0.624512 0.624512 0.624512 0.624512 0.624512 0.624512 0.624512 0.624512 0.624512 0.624512 0.624512 0.624512 0.624512 0.624512 
0.624512 0.624512 0.624512 0.624512 0.624512 0.624512 0.624512 0.624512 0.624512 0.624512 0.624512 0.624512 0.624512 0.624512 0.624512 0.624512 0.624512 0.624512 0.624512 0.624512 0.624512 0.624512 0.624512 0.624512 0.624512 0.624512 0.624512 0.624512 
0.624512 0.624512 0.624512 0.624512 0.624512 0.624512 0.624512 0.624512 0.624512 0.624512 0.624512 0.624512 0.624512 0.624512 0.624512 0.624512 0.624512 0.624512 0.624512 0.624512 0.624512 0.624512 0.624512 0.624512 0.624512 0.624512 0.624512 0.624512 
0.624512 0.624512 0.624512 0.624512 0.624512 0.624512 0.624512 0.624512 0.624512 0.624512 0.624512 0.624512 0.624512 0.624512 0.624512 0.624512 0.624512 0.624512 0.624512 0.624512 0.624512 0.624512 0.624512 0.624512 0.624512 0.624512 0.624512 0.624512 
0.624512 0.624512 0.624512 0.624512 0.624512 0.624512 0.624512 0.624512 0.624512 0.624512 0.624512 0.624512 0.624512 0.624512 0.624512 0.624512 0.624512 0.624512 0.624512 0.624512 0.624512 0.624512 0.624512 0.624512 0.624512 0.624512 0.624512 0.624512 
0.624512 0.624512 0.624512 0.624512 0.624512 0.624512 0.624512 0.624512 0.624512 0.624512 0.624512 0.624512 0.624512 0.624512 0.624512 0.624512 0.624512 0.624512 0.624512 0.624512 0.624512 0.624512 0.624512 0.624512 0.624512 0.624512 0.624512 0.624512 
0.624512 0.624512 0.624512 0.624512 0.624512 0.624512 0.624512 0.624512 0.624512 0.624512 0.624512 0.624512 0.624512 0.624512 0.624512 0.624512 0.624512 0.624512 0.624512 0.624512 0.624512 0.624512 0.624512 0.624512 0.624512 0.624512 0.624512 0.624512 

//M = 1 
1.249023 1.249023 1.249023 1.249023 1.249023 1.249023 1.249023 1.249023 1.249023 1.249023 1.249023 1.249023 1.249023 1.249023 1.249023 1.249023 1.249023 1.249023 1.249023 1.249023 1.249023 1.249023 1.249023 1.249023 1.249023 1.249023 1.249023 1.249023 
1.249023 1.249023 1.249023 1.249023 1.249023 1.249023 1.249023 1.249023 1.249023 1.249023 1.249023 1.249023 1.249023 1.249023 1.249023 1.249023 1.249023 1.249023 1.249023 1.249023 1.249023 1.249023 1.249023 1.249023 1.249023 1.249023 1.249023 1.249023 
1.249023 1.249023 1.249023 1.249023 1.249023 1.249023 1.249023 1.249023 1.249023 1.249023 1.249023 1.249023 1.249023 1.249023 1.249023 1.249023 1.249023 1.249023 1.249023 1.249023 1.249023 1.249023 1.249023 1.249023 1.249023 1.249023 1.249023 1.249023 
1.249023 1.249023 1.249023 1.249023 1.249023 1.249023 1.249023 1.249023 1.249023 1.249023 1.249023 1.249023 1.249023 1.249023 1.249023 1.249023 1.249023 1.249023 1.249023 1.249023 1.249023 1.249023 1.249023 1.249023 1.249023 1.249023 1.249023 1.249023 
1.249023 1.249023 1.249023 1.249023 1.249023 1.249023 1.249023 1.249023 1.249023 1.249023 1.249023 1.249023 1.249023 1.249023 1.249023 1.249023 1.249023 1.249023 1.249023 1.249023 1.249023 1.249023 1.249023 1.249023 1.249023 1.249023 1.249023 1.249023 
1.249023 1.249023 1.249023 1.249023 1.249023 1.249023 1.249023 1.249023 1.249023 1.249023 1.249023 1.249023 1.249023 1.249023 1.249023 1.249023 1.249023 1.249023 1.249023 1.249023 1.249023 1.249023 1.249023 1.249023 1.249023 1.249023 1.249023 1.249023 
1.249023 1.249023 1.249023 1.249023 1.249023 1.249023 1.249023 1.249023 1.249023 1.249023 1.249023 1.249023 1.249023 1.249023 1.249023 1.249023 1.249023 1.249023 1.249023 1.249023 1.249023 1.249023 1.249023 1.249023 1.249023 1.249023 1.249023 1.249023 
1.249023 1.249023 1.249023 1.249023 1.249023 1.249023 1.249023 1.249023 1.249023 1.249023 1.249023 1.249023 1.249023 1.249023 1.249023 1.249023 1.249023 1.249023 1.249023 1.249023 1.249023 1.249023 1.249023 1.249023 1.249023 1.249023 1.249023 1.249023 
1.249023 1.249023 1.249023 1.249023 1.249023 1.249023 1.249023 1.249023 1.249023 1.249023 1.249023 1.249023 1.249023 1.249023 1.249023 1.249023 1.249023 1.249023 1.249023 1.249023 1.249023 1.249023 1.249023 1.249023 1.249023 1.249023 1.249023 1.249023 
1.249023 1.249023 1.249023 1.249023 1.249023 1.249023 1.249023 1.249023 1.249023 1.249023 1.249023 1.249023 1.249023 1.249023 1.249023 1.249023 1.249023 1.249023 1.249023 1.249023 1.249023 1.249023 1.249023 1.249023 1.249023 1.249023 1.249023 1.249023 
1.249023 1.249023 1.249023 1.249023 1.249023 1.249023 1.249023 1.249023 1.249023 1.249023 1.249023 1.249023 1.249023 1.249023 1.249023 1.249023 1.249023 1.249023 1.249023 1.249023 1.249023 1.249023 1.249023 1.249023 1.249023 1.249023 1.249023 1.249023 
1.249023 1.249023 1.249023 1.249023 1.249023 1.249023 1.249023 1.249023 1.249023 1.249023 1.249023 1.249023 1.249023 1.249023 1.249023 1.249023 1.249023 1.249023 1.249023 1.249023 1.249023 1.249023 1.249023 1.249023 1.249023 1.249023 1.249023 1.249023 
1.249023 1.249023 1.249023 1.249023 1.249023 1.249023 1.249023 1.249023 1.249023 1.249023 1.249023 1.249023 1.249023 1.249023 1.249023 1.249023 1.249023 1.249023 1.249023 1.249023 1.249023 1.249023 1.249023 1.249023 1.249023 1.249023 1.249023 1.249023 
1.249023 1.249023 1.249023 1.249023 1.249023 1.249023 1.249023 1.249023 1.249023 1.249023 1.249023 1.249023 1.249023 1.249023 1.249023 1.249023 1.249023 1.249023 1.249023 1.249023 1.249023 1.249023 1.249023 1.249023 1.249023 1.249023 1.249023 1.249023 
1.249023 1.249023 1.249023 1.249023 1.249023 1.249023 1.249023 1.249023 1.249023 1.249023 1.249023 1.249023 1.249023 1.249023 1.249023 1.249023 1.249023 1.249023 1.249023 1.249023 1.249023 1.249023 1.249023 1.249023 1.249023 1.249023 1.249023 1.249023 
1.249023 1.249023 1.249023 1.249023 1.249023 1.249023 1.249023 1.249023 1.249023 1.249023 1.249023 1.249023 1.249023 1.249023 1.249023 1.249023 1.249023 1.249023 1.249023 1.249023 1.249023 1.249023 1.249023 1.249023 1.249023 1.249023 1.249023 1.249023 
1.249023 1.249023 1.249023 1.249023 1.249023 1.249023 1.249023 1.249023 1.249023 1.249023 1.249023 1.249023 1.249023 1.249023 1.249023 1.249023 1.249023 1.249023 1.249023 1.249023 1.249023 1.249023 1.249023 1.249023 1.249023 1.249023 1.249023 1.249023 
1.249023 1.249023 1.249023 1.249023 1.249023 1.249023 1.249023 1.249023 1.249023 1.249023 1.249023 1.249023 1.249023 1.249023 1.249023 1.249023 1.249023 1.249023 1.249023 1.249023 1.249023 1.249023 1.249023 1.249023 1.249023 1.249023 1.249023 1.249023 
1.249023 1.249023 1.249023 1.249023 1.249023 1.249023 1.249023 1.249023 1.249023 1.249023 1.249023 1.249023 1.249023 1.249023 1.249023 1.249023 1.249023 1.249023 1.249023 1.249023 1.249023 1.249023 1.249023 1.249023 1.249023 1.249023 1.249023 1.249023 
1.249023 1.249023 1.249023 1.249023 1.249023 1.249023 1.249023 1.249023 1.249023 1.249023 1.249023 1.249023 1.249023 1.249023 1.249023 1.249023 1.249023 1.249023 1.249023 1.249023 1.249023 1.249023 1.249023 1.249023 1.249023 1.249023 1.249023 1.249023 
1.249023 1.249023 1.249023 1.249023 1.249023 1.249023 1.249023 1.249023 1.249023 1.249023 1.249023 1.249023 1.249023 1.249023 1.249023 1.249023 1.249023 1.249023 1.249023 1.249023 1.249023 1.249023 1.249023 1.249023 1.249023 1.249023 1.249023 1.249023 
1.249023 1.249023 1.249023 1.249023 1.249023 1.249023 1.249023 1.249023 1.249023 1.249023 1.249023 1.249023 1.249023 1.249023 1.249023 1.249023 1.249023 1.249023 1.249023 1.249023 1.249023 1.249023 1.249023 1.249023 1.249023 1.249023 1.249023 1.249023 
1.249023 1.249023 1.249023 1.249023 1.249023 1.249023 1.249023 1.249023 1.249023 1.249023 1.249023 1.249023 1.249023 1.249023 1.249023 1.249023 1.249023 1.249023 1.249023 1.249023 1.249023 1.249023 1.249023 1.249023 1.249023 1.249023 1.249023 1.249023 
1.249023 1.249023 1.249023 1.249023 1.249023 1.249023 1.249023 1.249023 1.249023 1.249023 1.249023 1.249023 1.249023 1.249023 1.249023 1.249023 1.249023 1.249023 1.249023 1.249023 1.249023 1.249023 1.249023 1.249023 1.249023 1.249023 1.249023 1.249023 
1.249023 1.249023 1.249023 1.249023 1.249023 1.249023 1.249023 1.249023 1.249023 1.249023 1.249023 1.249023 1.249023 1.249023 1.249023 1.249023 1.249023 1.249023 1.249023 1.249023 1.249023 1.249023 1.249023 1.249023 1.249023 1.249023 1.249023 1.249023 
1.249023 1.249023 1.249023 1.249023 1.249023 1.249023 1.249023 1.249023 1.249023 1.249023 1.249023 1.249023 1.249023 1.249023 1.249023 1.249023 1.249023 1.249023 1.249023 1.249023 1.249023 1.249023 1.249023 1.249023 1.249023 1.249023 1.249023 1.249023 
1.249023 1.249023 1.249023 1.249023 1.249023 1.249023 1.249023 1.249023 1.249023 1.249023 1.249023 1.249023 1.249023 1.249023 1.249023 1.249023 1.249023 1.249023 1.249023 1.249023 1.249023 1.249023 1.249023 1.249023 1.249023 1.249023 1.249023 1.249023 
1.249023 1.249023 1.249023 1.249023 1.249023 1.249023 1.249023 1.249023 1.249023 1.249023 1.249023 1.249023 1.249023 1.249023 1.249023 1.249023 1.249023 1.249023 1.249023 1.249023 1.249023 1.249023 1.249023 1.249023 1.249023 1.249023 1.249023 1.249023 

//M = 2 
1.875000 1.875000 1.875000 1.875000 1.875000 1.875000 1.875000 1.875000 1.875000 1.875000 1.875000 1.875000 1.875000 1.875000 1.875000 1.875000 1.875000 1.875000 1.875000 1.875000 1.875000 1.875000 1.875000 1.875000 1.875000 1.875000 1.875000 1.875000 
1.875000 1.875000 1.875000 1.875000 1.875000 1.875000 1.875000 1.875000 1.875000 1.875000 1.875000 1.875000 1.875000 1.875000 1.875000 1.875000 1.875000 1.875000 1.875000 1.875000 1.875000 1.875000 1.875000 1.875000 1.875000 1.875000 1.875000 1.875000 
1.875000 1.875000 1.875000 1.875000 1.875000 1.875000 1.875000 1.875000 1.875000 1.875000 1.875000 1.875000 1.875000 1.875000 1.875000 1.875000 1.875000 1.875000 1.875000 1.875000 1.875000 1.875000 1.875000 1.875000 1.875000 1.875000 1.875000 1.875000 
1.875000 1.875000 1.875000 1.875000 1.875000 1.875000 1.875000 1.875000 1.875000 1.875000 1.875000 1.875000 1.875000 1.875000 1.875000 1.875000 1.875000 1.875000 1.875000 1.875000 1.875000 1.875000 1.875000 1.875000 1.875000 1.875000 1.875000 1.875000 
1.875000 1.875000 1.875000 1.875000 1.875000 1.875000 1.875000 1.875000 1.875000 1.875000 1.875000 1.875000 1.875000 1.875000 1.875000 1.875000 1.875000 1.875000 1.875000 1.875000 1.875000 1.875000 1.875000 1.875000 1.875000 1.875000 1.875000 1.875000 
1.875000 1.875000 1.875000 1.875000 1.875000 1.875000 1.875000 1.875000 1.875000 1.875000 1.875000 1.875000 1.875000 1.875000 1.875000 1.875000 1.875000 1.875000 1.875000 1.875000 1.875000 1.875000 1.875000 1.875000 1.875000 1.875000 1.875000 1.875000 
1.875000 1.875000 1.875000 1.875000 1.875000 1.875000 1.875000 1.875000 1.875000 1.875000 1.875000 1.875000 1.875000 1.875000 1.875000 1.875000 1.875000 1.875000 1.875000 1.875000 1.875000 1.875000 1.875000 1.875000 1.875000 1.875000 1.875000 1.875000 
1.875000 1.875000 1.875000 1.875000 1.875000 1.875000 1.875000 1.875000 1.875000 1.875000 1.875000 1.875000 1.875000 1.875000 1.875000 1.875000 1.875000 1.875000 1.875000 1.875000 1.875000 1.875000 1.875000 1.875000 1.875000 1.875000 1.875000 1.875000 
1.875000 1.875000 1.875000 1.875000 1.875000 1.875000 1.875000 1.875000 1.875000 1.875000 1.875000 1.875000 1.875000 1.875000 1.875000 1.875000 1.875000 1.875000 1.875000 1.875000 1.875000 1.875000 1.875000 1.875000 1.875000 1.875000 1.875000 1.875000 
1.875000 1.875000 1.875000 1.875000 1.875000 1.875000 1.875000 1.875000 1.875000 1.875000 1.875000 1.875000 1.875000 1.875000 1.875000 1.875000 1.875000 1.875000 1.875000 1.875000 1.875000 1.875000 1.875000 1.875000 1.875000 1.875000 1.875000 1.875000 
1.875000 1.875000 1.875000 1.875000 1.875000 1.875000 1.875000 1.875000 1.875000 1.875000 1.875000 1.875000 1.875000 1.875000 1.875000 1.875000 1.875000 1.875000 1.875000 1.875000 1.875000 1.875000 1.875000 1.875000 1.875000 1.875000 1.875000 1.875000 
1.875000 1.875000 1.875000 1.875000 1.875000 1.875000 1.875000 1.875000 1.875000 1.875000 1.875000 1.875000 1.875000 1.875000 1.875000 1.875000 1.875000 1.875000 1.875000 1.875000 1.875000 1.875000 1.875000 1.875000 1.875000 1.875000 1.875000 1.875000 
1.875000 1.875000 1.875000 1.875000 1.875000 1.875000 1.875000 1.875000 1.875000 1.875000 1.875000 1.875000 1.875000 1.875000 1.875000 1.875000 1.875000 1.875000 1.875000 1.875000 1.875000 1.875000 1.875000 1.875000 1.875000 1.875000 1.875000 1.875000 
1.875000 1.875000 1.875000 1.875000 1.875000 1.875000 1.875000 1.875000 1.875000 1.875000 1.875000 1.875000 1.875000 1.875000 1.875000 1.875000 1.875000 1.875000 1.875000 1.875000 1.875000 1.875000 1.875000 1.875000 1.875000 1.875000 1.875000 1.875000 
1.875000 1.875000 1.875000 1.875000 1.875000 1.875000 1.875000 1.875000 1.875000 1.875000 1.875000 1.875000 1.875000 1.875000 1.875000 1.875000 1.875000 1.875000 1.875000 1.875000 1.875000 1.875000 1.875000 1.875000 1.875000 1.875000 1.875000 1.875000 
1.875000 1.875000 1.875000 1.875000 1.875000 1.875000 1.875000 1.875000 1.875000 1.875000 1.875000 1.875000 1.875000 1.875000 1.875000 1.875000 1.875000 1.875000 1.875000 1.875000 1.875000 1.875000 1.875000 1.875000 1.875000 1.875000 1.875000 1.875000 
1.875000 1.875000 1.875000 1.875000 1.875000 1.875000 1.875000 1.875000 1.875000 1.875000 1.875000 1.875000 1.875000 1.875000 1.875000 1.875000 1.875000 1.875000 1.875000 1.875000 1.875000 1.875000 1.875000 1.875000 1.875000 1.875000 1.875000 1.875000 
1.875000 1.875000 1.875000 1.875000 1.875000 1.875000 1.875000 1.875000 1.875000 1.875000 1.875000 1.875000 1.875000 1.875000 1.875000 1.875000 1.875000 1.875000 1.875000 1.875000 1.875000 1.875000 1.875000 1.875000 1.875000 1.875000 1.875000 1.875000 
1.875000 1.875000 1.875000 1.875000 1.875000 1.875000 1.875000 1.875000 1.875000 1.875000 1.875000 1.875000 1.875000 1.875000 1.875000 1.875000 1.875000 1.875000 1.875000 1.875000 1.875000 1.875000 1.875000 1.875000 1.875000 1.875000 1.875000 1.875000 
1.875000 1.875000 1.875000 1.875000 1.875000 1.875000 1.875000 1.875000 1.875000 1.875000 1.875000 1.875000 1.875000 1.875000 1.875000 1.875000 1.875000 1.875000 1.875000 1.875000 1.875000 1.875000 1.875000 1.875000 1.875000 1.875000 1.875000 1.875000 
1.875000 1.875000 1.875000 1.875000 1.875000 1.875000 1.875000 1.875000 1.875000 1.875000 1.875000 1.875000 1.875000 1.875000 1.875000 1.875000 1.875000 1.875000 1.875000 1.875000 1.875000 1.875000 1.875000 1.875000 1.875000 1.875000 1.875000 1.875000 
1.875000 1.875000 1.875000 1.875000 1.875000 1.875000 1.875000 1.875000 1.875000 1.875000 1.875000 1.875000 1.875000 1.875000 1.875000 1.875000 1.875000 1.875000 1.875000 1.875000 1.875000 1.875000 1.875000 1.875000 1.875000 1.875000 1.875000 1.875000 
1.875000 1.875000 1.875000 1.875000 1.875000 1.875000 1.875000 1.875000 1.875000 1.875000 1.875000 1.875000 1.875000 1.875000 1.875000 1.875000 1.875000 1.875000 1.875000 1.875000 1.875000 1.875000 1.875000 1.875000 1.875000 1.875000 1.875000 1.875000 
1.875000 1.875000 1.875000 1.875000 1.875000 1.875000 1.875000 1.875000 1.875000 1.875000 1.875000 1.875000 1.875000 1.875000 1.875000 1.875000 1.875000 1.875000 1.875000 1.875000 1.875000 1.875000 1.875000 1.875000 1.875000 1.875000 1.875000 1.875000 
1.875000 1.875000 1.875000 1.875000 1.875000 1.875000 1.875000 1.875000 1.875000 1.875000 1.875000 1.875000 1.875000 1.875000 1.875000 1.875000 1.875000 1.875000 1.875000 1.875000 1.875000 1.875000 1.875000 1.875000 1.875000 1.875000 1.875000 1.875000 
1.875000 1.875000 1.875000 1.875000 1.875000 1.875000 1.875000 1.875000 1.875000 1.875000 1.875000 1.875000 1.875000 1.875000 1.875000 1.875000 1.875000 1.875000 1.875000 1.875000 1.875000 1.875000 1.875000 1.875000 1.875000 1.875000 1.875000 1.875000 
1.875000 1.875000 1.875000 1.875000 1.875000 1.875000 1.875000 1.875000 1.875000 1.875000 1.875000 1.875000 1.875000 1.875000 1.875000 1.875000 1.875000 1.875000 1.875000 1.875000 1.875000 1.875000 1.875000 1.875000 1.875000 1.875000 1.875000 1.875000 
1.875000 1.875000 1.875000 1.875000 1.875000 1.875000 1.875000 1.875000 1.875000 1.875000 1.875000 1.875000 1.875000 1.875000 1.875000 1.875000 1.875000 1.875000 1.875000 1.875000 1.875000 1.875000 1.875000 1.875000 1.875000 1.875000 1.875000 1.875000 

//M = 3 
2.498047 2.498047 2.498047 2.498047 2.498047 2.498047 2.498047 2.498047 2.498047 2.498047 2.498047 2.498047 2.498047 2.498047 2.498047 2.498047 2.498047 2.498047 2.498047 2.498047 2.498047 2.498047 2.498047 2.498047 2.498047 2.498047 2.498047 2.498047 
2.498047 2.498047 2.498047 2.498047 2.498047 2.498047 2.498047 2.498047 2.498047 2.498047 2.498047 2.498047 2.498047 2.498047 2.498047 2.498047 2.498047 2.498047 2.498047 2.498047 2.498047 2.498047 2.498047 2.498047 2.498047 2.498047 2.498047 2.498047 
2.498047 2.498047 2.498047 2.498047 2.498047 2.498047 2.498047 2.498047 2.498047 2.498047 2.498047 2.498047 2.498047 2.498047 2.498047 2.498047 2.498047 2.498047 2.498047 2.498047 2.498047 2.498047 2.498047 2.498047 2.498047 2.498047 2.498047 2.498047 
2.498047 2.498047 2.498047 2.498047 2.498047 2.498047 2.498047 2.498047 2.498047 2.498047 2.498047 2.498047 2.498047 2.498047 2.498047 2.498047 2.498047 2.498047 2.498047 2.498047 2.498047 2.498047 2.498047 2.498047 2.498047 2.498047 2.498047 2.498047 
2.498047 2.498047 2.498047 2.498047 2.498047 2.498047 2.498047 2.498047 2.498047 2.498047 2.498047 2.498047 2.498047 2.498047 2.498047 2.498047 2.498047 2.498047 2.498047 2.498047 2.498047 2.498047 2.498047 2.498047 2.498047 2.498047 2.498047 2.498047 
2.498047 2.498047 2.498047 2.498047 2.498047 2.498047 2.498047 2.498047 2.498047 2.498047 2.498047 2.498047 2.498047 2.498047 2.498047 2.498047 2.498047 2.498047 2.498047 2.498047 2.498047 2.498047 2.498047 2.498047 2.498047 2.498047 2.498047 2.498047 
2.498047 2.498047 2.498047 2.498047 2.498047 2.498047 2.498047 2.498047 2.498047 2.498047 2.498047 2.498047 2.498047 2.498047 2.498047 2.498047 2.498047 2.498047 2.498047 2.498047 2.498047 2.498047 2.498047 2.498047 2.498047 2.498047 2.498047 2.498047 
2.498047 2.498047 2.498047 2.498047 2.498047 2.498047 2.498047 2.498047 2.498047 2.498047 2.498047 2.498047 2.498047 2.498047 2.498047 2.498047 2.498047 2.498047 2.498047 2.498047 2.498047 2.498047 2.498047 2.498047 2.498047 2.498047 2.498047 2.498047 
2.498047 2.498047 2.498047 2.498047 2.498047 2.498047 2.498047 2.498047 2.498047 2.498047 2.498047 2.498047 2.498047 2.498047 2.498047 2.498047 2.498047 2.498047 2.498047 2.498047 2.498047 2.498047 2.498047 2.498047 2.498047 2.498047 2.498047 2.498047 
2.498047 2.498047 2.498047 2.498047 2.498047 2.498047 2.498047 2.498047 2.498047 2.498047 2.498047 2.498047 2.498047 2.498047 2.498047 2.498047 2.498047 2.498047 2.498047 2.498047 2.498047 2.498047 2.498047 2.498047 2.498047 2.498047 2.498047 2.498047 
2.498047 2.498047 2.498047 2.498047 2.498047 2.498047 2.498047 2.498047 2.498047 2.498047 2.498047 2.498047 2.498047 2.498047 2.498047 2.498047 2.498047 2.498047 2.498047 2.498047 2.498047 2.498047 2.498047 2.498047 2.498047 2.498047 2.498047 2.498047 
2.498047 2.498047 2.498047 2.498047 2.498047 2.498047 2.498047 2.498047 2.498047 2.498047 2.498047 2.498047 2.498047 2.498047 2.498047 2.498047 2.498047 2.498047 2.498047 2.498047 2.498047 2.498047 2.498047 2.498047 2.498047 2.498047 2.498047 2.498047 
2.498047 2.498047 2.498047 2.498047 2.498047 2.498047 2.498047 2.498047 2.498047 2.498047 2.498047 2.498047 2.498047 2.498047 2.498047 2.498047 2.498047 2.498047 2.498047 2.498047 2.498047 2.498047 2.498047 2.498047 2.498047 2.498047 2.498047 2.498047 
2.498047 2.498047 2.498047 2.498047 2.498047 2.498047 2.498047 2.498047 2.498047 2.498047 2.498047 2.498047 2.498047 2.498047 2.498047 2.498047 2.498047 2.498047 2.498047 2.498047 2.498047 2.498047 2.498047 2.498047 2.498047 2.498047 2.498047 2.498047 
2.498047 2.498047 2.498047 2.498047 2.498047 2.498047 2.498047 2.498047 2.498047 2.498047 2.498047 2.498047 2.498047 2.498047 2.498047 2.498047 2.498047 2.498047 2.498047 2.498047 2.498047 2.498047 2.498047 2.498047 2.498047 2.498047 2.498047 2.498047 
2.498047 2.498047 2.498047 2.498047 2.498047 2.498047 2.498047 2.498047 2.498047 2.498047 2.498047 2.498047 2.498047 2.498047 2.498047 2.498047 2.498047 2.498047 2.498047 2.498047 2.498047 2.498047 2.498047 2.498047 2.498047 2.498047 2.498047 2.498047 
2.498047 2.498047 2.498047 2.498047 2.498047 2.498047 2.498047 2.498047 2.498047 2.498047 2.498047 2.498047 2.498047 2.498047 2.498047 2.498047 2.498047 2.498047 2.498047 2.498047 2.498047 2.498047 2.498047 2.498047 2.498047 2.498047 2.498047 2.498047 
2.498047 2.498047 2.498047 2.498047 2.498047 2.498047 2.498047 2.498047 2.498047 2.498047 2.498047 2.498047 2.498047 2.498047 2.498047 2.498047 2.498047 2.498047 2.498047 2.498047 2.498047 2.498047 2.498047 2.498047 2.498047 2.498047 2.498047 2.498047 
2.498047 2.498047 2.498047 2.498047 2.498047 2.498047 2.498047 2.498047 2.498047 2.498047 2.498047 2.498047 2.498047 2.498047 2.498047 2.498047 2.498047 2.498047 2.498047 2.498047 2.498047 2.498047 2.498047 2.498047 2.498047 2.498047 2.498047 2.498047 
2.498047 2.498047 2.498047 2.498047 2.498047 2.498047 2.498047 2.498047 2.498047 2.498047 2.498047 2.498047 2.498047 2.498047 2.498047 2.498047 2.498047 2.498047 2.498047 2.498047 2.498047 2.498047 2.498047 2.498047 2.498047 2.498047 2.498047 2.498047 
2.498047 2.498047 2.498047 2.498047 2.498047 2.498047 2.498047 2.498047 2.498047 2.498047 2.498047 2.498047 2.498047 2.498047 2.498047 2.498047 2.498047 2.498047 2.498047 2.498047 2.498047 2.498047 2.498047 2.498047 2.498047 2.498047 2.498047 2.498047 
2.498047 2.498047 2.498047 2.498047 2.498047 2.498047 2.498047 2.498047 2.498047 2.498047 2.498047 2.498047 2.498047 2.498047 2.498047 2.498047 2.498047 2.498047 2.498047 2.498047 2.498047 2.498047 2.498047 2.498047 2.498047 2.498047 2.498047 2.498047 
2.498047 2.498047 2.498047 2.498047 2.498047 2.498047 2.498047 2.498047 2.498047 2.498047 2.498047 2.498047 2.498047 2.498047 2.498047 2.498047 2.498047 2.498047 2.498047 2.498047 2.498047 2.498047 2.498047 2.498047 2.498047 2.498047 2.498047 2.498047 
2.498047 2.498047 2.498047 2.498047 2.498047 2.498047 2.498047 2.498047 2.498047 2.498047 2.498047 2.498047 2.498047 2.498047 2.498047 2.498047 2.498047 2.498047 2.498047 2.498047 2.498047 2.498047 2.498047 2.498047 2.498047 2.498047 2.498047 2.498047 
2.498047 2.498047 2.498047 2.498047 2.498047 2.498047 2.498047 2.498047 2.498047 2.498047 2.498047 2.498047 2.498047 2.498047 2.498047 2.498047 2.498047 2.498047 2.498047 2.498047 2.498047 2.498047 2.498047 2.498047 2.498047 2.498047 2.498047 2.498047 
2.498047 2.498047 2.498047 2.498047 2.498047 2.498047 2.498047 2.498047 2.498047 2.498047 2.498047 2.498047 2.498047 2.498047 2.498047 2.498047 2.498047 2.498047 2.498047 2.498047 2.498047 2.498047 2.498047 2.498047 2.498047 2.498047 2.498047 2.498047 
2.498047 2.498047 2.498047 2.498047 2.498047 2.498047 2.498047 2.498047 2.498047 2.498047 2.498047 2.498047 2.498047 2.498047 2.498047 2.498047 2.498047 2.498047 2.498047 2.498047 2.498047 2.498047 2.498047 2.498047 2.498047 2.498047 2.498047 2.498047 
2.498047 2.498047 2.498047 2.498047 2.498047 2.498047 2.498047 2.498047 2.498047 2.498047 2.498047 2.498047 2.498047 2.498047 2.498047 2.498047 2.498047 2.498047 2.498047 2.498047 2.498047 2.498047 2.498047 2.498047 2.498047 2.498047 2.498047 2.498047 

//M = 4 
3.125000 3.125000 3.125000 3.125000 3.125000 3.125000 3.125000 3.125000 3.125000 3.125000 3.125000 3.125000 3.125000 3.125000 3.125000 3.125000 3.125000 3.125000 3.125000 3.125000 3.125000 3.125000 3.125000 3.125000 3.125000 3.125000 3.125000 3.125000 
3.125000 3.125000 3.125000 3.125000 3.125000 3.125000 3.125000 3.125000 3.125000 3.125000 3.125000 3.125000 3.125000 3.125000 3.125000 3.125000 3.125000 3.125000 3.125000 3.125000 3.125000 3.125000 3.125000 3.125000 3.125000 3.125000 3.125000 3.125000 
3.125000 3.125000 3.125000 3.125000 3.125000 3.125000 3.125000 3.125000 3.125000 3.125000 3.125000 3.125000 3.125000 3.125000 3.125000 3.125000 3.125000 3.125000 3.125000 3.125000 3.125000 3.125000 3.125000 3.125000 3.125000 3.125000 3.125000 3.125000 
3.125000 3.125000 3.125000 3.125000 3.125000 3.125000 3.125000 3.125000 3.125000 3.125000 3.125000 3.125000 3.125000 3.125000 3.125000 3.125000 3.125000 3.125000 3.125000 3.125000 3.125000 3.125000 3.125000 3.125000 3.125000 3.125000 3.125000 3.125000 
3.125000 3.125000 3.125000 3.125000 3.125000 3.125000 3.125000 3.125000 3.125000 3.125000 3.125000 3.125000 3.125000 3.125000 3.125000 3.125000 3.125000 3.125000 3.125000 3.125000 3.125000 3.125000 3.125000 3.125000 3.125000 3.125000 3.125000 3.125000 
3.125000 3.125000 3.125000 3.125000 3.125000 3.125000 3.125000 3.125000 3.125000 3.125000 3.125000 3.125000 3.125000 3.125000 3.125000 3.125000 3.125000 3.125000 3.125000 3.125000 3.125000 3.125000 3.125000 3.125000 3.125000 3.125000 3.125000 3.125000 
3.125000 3.125000 3.125000 3.125000 3.125000 3.125000 3.125000 3.125000 3.125000 3.125000 3.125000 3.125000 3.125000 3.125000 3.125000 3.125000 3.125000 3.125000 3.125000 3.125000 3.125000 3.125000 3.125000 3.125000 3.125000 3.125000 3.125000 3.125000 
3.125000 3.125000 3.125000 3.125000 3.125000 3.125000 3.125000 3.125000 3.125000 3.125000 3.125000 3.125000 3.125000 3.125000 3.125000 3.125000 3.125000 3.125000 3.125000 3.125000 3.125000 3.125000 3.125000 3.125000 3.125000 3.125000 3.125000 3.125000 
3.125000 3.125000 3.125000 3.125000 3.125000 3.125000 3.125000 3.125000 3.125000 3.125000 3.125000 3.125000 3.125000 3.125000 3.125000 3.125000 3.125000 3.125000 3.125000 3.125000 3.125000 3.125000 3.125000 3.125000 3.125000 3.125000 3.125000 3.125000 
3.125000 3.125000 3.125000 3.125000 3.125000 3.125000 3.125000 3.125000 3.125000 3.125000 3.125000 3.125000 3.125000 3.125000 3.125000 3.125000 3.125000 3.125000 3.125000 3.125000 3.125000 3.125000 3.125000 3.125000 3.125000 3.125000 3.125000 3.125000 
3.125000 3.125000 3.125000 3.125000 3.125000 3.125000 3.125000 3.125000 3.125000 3.125000 3.125000 3.125000 3.125000 3.125000 3.125000 3.125000 3.125000 3.125000 3.125000 3.125000 3.125000 3.125000 3.125000 3.125000 3.125000 3.125000 3.125000 3.125000 
3.125000 3.125000 3.125000 3.125000 3.125000 3.125000 3.125000 3.125000 3.125000 3.125000 3.125000 3.125000 3.125000 3.125000 3.125000 3.125000 3.125000 3.125000 3.125000 3.125000 3.125000 3.125000 3.125000 3.125000 3.125000 3.125000 3.125000 3.125000 
3.125000 3.125000 3.125000 3.125000 3.125000 3.125000 3.125000 3.125000 3.125000 3.125000 3.125000 3.125000 3.125000 3.125000 3.125000 3.125000 3.125000 3.125000 3.125000 3.125000 3.125000 3.125000 3.125000 3.125000 3.125000 3.125000 3.125000 3.125000 
3.125000 3.125000 3.125000 3.125000 3.125000 3.125000 3.125000 3.125000 3.125000 3.125000 3.125000 3.125000 3.125000 3.125000 3.125000 3.125000 3.125000 3.125000 3.125000 3.125000 3.125000 3.125000 3.125000 3.125000 3.125000 3.125000 3.125000 3.125000 
3.125000 3.125000 3.125000 3.125000 3.125000 3.125000 3.125000 3.125000 3.125000 3.125000 3.125000 3.125000 3.125000 3.125000 3.125000 3.125000 3.125000 3.125000 3.125000 3.125000 3.125000 3.125000 3.125000 3.125000 3.125000 3.125000 3.125000 3.125000 
3.125000 3.125000 3.125000 3.125000 3.125000 3.125000 3.125000 3.125000 3.125000 3.125000 3.125000 3.125000 3.125000 3.125000 3.125000 3.125000 3.125000 3.125000 3.125000 3.125000 3.125000 3.125000 3.125000 3.125000 3.125000 3.125000 3.125000 3.125000 
3.125000 3.125000 3.125000 3.125000 3.125000 3.125000 3.125000 3.125000 3.125000 3.125000 3.125000 3.125000 3.125000 3.125000 3.125000 3.125000 3.125000 3.125000 3.125000 3.125000 3.125000 3.125000 3.125000 3.125000 3.125000 3.125000 3.125000 3.125000 
3.125000 3.125000 3.125000 3.125000 3.125000 3.125000 3.125000 3.125000 3.125000 3.125000 3.125000 3.125000 3.125000 3.125000 3.125000 3.125000 3.125000 3.125000 3.125000 3.125000 3.125000 3.125000 3.125000 3.125000 3.125000 3.125000 3.125000 3.125000 
3.125000 3.125000 3.125000 3.125000 3.125000 3.125000 3.125000 3.125000 3.125000 3.125000 3.125000 3.125000 3.125000 3.125000 3.125000 3.125000 3.125000 3.125000 3.125000 3.125000 3.125000 3.125000 3.125000 3.125000 3.125000 3.125000 3.125000 3.125000 
3.125000 3.125000 3.125000 3.125000 3.125000 3.125000 3.125000 3.125000 3.125000 3.125000 3.125000 3.125000 3.125000 3.125000 3.125000 3.125000 3.125000 3.125000 3.125000 3.125000 3.125000 3.125000 3.125000 3.125000 3.125000 3.125000 3.125000 3.125000 
3.125000 3.125000 3.125000 3.125000 3.125000 3.125000 3.125000 3.125000 3.125000 3.125000 3.125000 3.125000 3.125000 3.125000 3.125000 3.125000 3.125000 3.125000 3.125000 3.125000 3.125000 3.125000 3.125000 3.125000 3.125000 3.125000 3.125000 3.125000 
3.125000 3.125000 3.125000 3.125000 3.125000 3.125000 3.125000 3.125000 3.125000 3.125000 3.125000 3.125000 3.125000 3.125000 3.125000 3.125000 3.125000 3.125000 3.125000 3.125000 3.125000 3.125000 3.125000 3.125000 3.125000 3.125000 3.125000 3.125000 
3.125000 3.125000 3.125000 3.125000 3.125000 3.125000 3.125000 3.125000 3.125000 3.125000 3.125000 3.125000 3.125000 3.125000 3.125000 3.125000 3.125000 3.125000 3.125000 3.125000 3.125000 3.125000 3.125000 3.125000 3.125000 3.125000 3.125000 3.125000 
3.125000 3.125000 3.125000 3.125000 3.125000 3.125000 3.125000 3.125000 3.125000 3.125000 3.125000 3.125000 3.125000 3.125000 3.125000 3.125000 3.125000 3.125000 3.125000 3.125000 3.125000 3.125000 3.125000 3.125000 3.125000 3.125000 3.125000 3.125000 
3.125000 3.125000 3.125000 3.125000 3.125000 3.125000 3.125000 3.125000 3.125000 3.125000 3.125000 3.125000 3.125000 3.125000 3.125000 3.125000 3.125000 3.125000 3.125000 3.125000 3.125000 3.125000 3.125000 3.125000 3.125000 3.125000 3.125000 3.125000 
3.125000 3.125000 3.125000 3.125000 3.125000 3.125000 3.125000 3.125000 3.125000 3.125000 3.125000 3.125000 3.125000 3.125000 3.125000 3.125000 3.125000 3.125000 3.125000 3.125000 3.125000 3.125000 3.125000 3.125000 3.125000 3.125000 3.125000 3.125000 
3.125000 3.125000 3.125000 3.125000 3.125000 3.125000 3.125000 3.125000 3.125000 3.125000 3.125000 3.125000 3.125000 3.125000 3.125000 3.125000 3.125000 3.125000 3.125000 3.125000 3.125000 3.125000 3.125000 3.125000 3.125000 3.125000 3.125000 3.125000 
3.125000 3.125000 3.125000 3.125000 3.125000 3.125000 3.125000 3.125000 3.125000 3.125000 3.125000 3.125000 3.125000 3.125000 3.125000 3.125000 3.125000 3.125000 3.125000 3.125000 3.125000 3.125000 3.125000 3.125000 3.125000 3.125000 3.125000 3.125000 

//M = 5 
3.750000 3.750000 3.750000 3.750000 3.750000 3.750000 3.750000 3.750000 3.750000 3.750000 3.750000 3.750000 3.750000 3.750000 3.750000 3.750000 3.750000 3.750000 3.750000 3.750000 3.750000 3.750000 3.750000 3.750000 3.750000 3.750000 3.750000 3.750000 
3.750000 3.750000 3.750000 3.750000 3.750000 3.750000 3.750000 3.750000 3.750000 3.750000 3.750000 3.750000 3.750000 3.750000 3.750000 3.750000 3.750000 3.750000 3.750000 3.750000 3.750000 3.750000 3.750000 3.750000 3.750000 3.750000 3.750000 3.750000 
3.750000 3.750000 3.750000 3.750000 3.750000 3.750000 3.750000 3.750000 3.750000 3.750000 3.750000 3.750000 3.750000 3.750000 3.750000 3.750000 3.750000 3.750000 3.750000 3.750000 3.750000 3.750000 3.750000 3.750000 3.750000 3.750000 3.750000 3.750000 
3.750000 3.750000 3.750000 3.750000 3.750000 3.750000 3.750000 3.750000 3.750000 3.750000 3.750000 3.750000 3.750000 3.750000 3.750000 3.750000 3.750000 3.750000 3.750000 3.750000 3.750000 3.750000 3.750000 3.750000 3.750000 3.750000 3.750000 3.750000 
3.750000 3.750000 3.750000 3.750000 3.750000 3.750000 3.750000 3.750000 3.750000 3.750000 3.750000 3.750000 3.750000 3.750000 3.750000 3.750000 3.750000 3.750000 3.750000 3.750000 3.750000 3.750000 3.750000 3.750000 3.750000 3.750000 3.750000 3.750000 
3.750000 3.750000 3.750000 3.750000 3.750000 3.750000 3.750000 3.750000 3.750000 3.750000 3.750000 3.750000 3.750000 3.750000 3.750000 3.750000 3.750000 3.750000 3.750000 3.750000 3.750000 3.750000 3.750000 3.750000 3.750000 3.750000 3.750000 3.750000 
3.750000 3.750000 3.750000 3.750000 3.750000 3.750000 3.750000 3.750000 3.750000 3.750000 3.750000 3.750000 3.750000 3.750000 3.750000 3.750000 3.750000 3.750000 3.750000 3.750000 3.750000 3.750000 3.750000 3.750000 3.750000 3.750000 3.750000 3.750000 
3.750000 3.750000 3.750000 3.750000 3.750000 3.750000 3.750000 3.750000 3.750000 3.750000 3.750000 3.750000 3.750000 3.750000 3.750000 3.750000 3.750000 3.750000 3.750000 3.750000 3.750000 3.750000 3.750000 3.750000 3.750000 3.750000 3.750000 3.750000 
3.750000 3.750000 3.750000 3.750000 3.750000 3.750000 3.750000 3.750000 3.750000 3.750000 3.750000 3.750000 3.750000 3.750000 3.750000 3.750000 3.750000 3.750000 3.750000 3.750000 3.750000 3.750000 3.750000 3.750000 3.750000 3.750000 3.750000 3.750000 
3.750000 3.750000 3.750000 3.750000 3.750000 3.750000 3.750000 3.750000 3.750000 3.750000 3.750000 3.750000 3.750000 3.750000 3.750000 3.750000 3.750000 3.750000 3.750000 3.750000 3.750000 3.750000 3.750000 3.750000 3.750000 3.750000 3.750000 3.750000 
3.750000 3.750000 3.750000 3.750000 3.750000 3.750000 3.750000 3.750000 3.750000 3.750000 3.750000 3.750000 3.750000 3.750000 3.750000 3.750000 3.750000 3.750000 3.750000 3.750000 3.750000 3.750000 3.750000 3.750000 3.750000 3.750000 3.750000 3.750000 
3.750000 3.750000 3.750000 3.750000 3.750000 3.750000 3.750000 3.750000 3.750000 3.750000 3.750000 3.750000 3.750000 3.750000 3.750000 3.750000 3.750000 3.750000 3.750000 3.750000 3.750000 3.750000 3.750000 3.750000 3.750000 3.750000 3.750000 3.750000 
3.750000 3.750000 3.750000 3.750000 3.750000 3.750000 3.750000 3.750000 3.750000 3.750000 3.750000 3.750000 3.750000 3.750000 3.750000 3.750000 3.750000 3.750000 3.750000 3.750000 3.750000 3.750000 3.750000 3.750000 3.750000 3.750000 3.750000 3.750000 
3.750000 3.750000 3.750000 3.750000 3.750000 3.750000 3.750000 3.750000 3.750000 3.750000 3.750000 3.750000 3.750000 3.750000 3.750000 3.750000 3.750000 3.750000 3.750000 3.750000 3.750000 3.750000 3.750000 3.750000 3.750000 3.750000 3.750000 3.750000 
3.750000 3.750000 3.750000 3.750000 3.750000 3.750000 3.750000 3.750000 3.750000 3.750000 3.750000 3.750000 3.750000 3.750000 3.750000 3.750000 3.750000 3.750000 3.750000 3.750000 3.750000 3.750000 3.750000 3.750000 3.750000 3.750000 3.750000 3.750000 
3.750000 3.750000 3.750000 3.750000 3.750000 3.750000 3.750000 3.750000 3.750000 3.750000 3.750000 3.750000 3.750000 3.750000 3.750000 3.750000 3.750000 3.750000 3.750000 3.750000 3.750000 3.750000 3.750000 3.750000 3.750000 3.750000 3.750000 3.750000 
3.750000 3.750000 3.750000 3.750000 3.750000 3.750000 3.750000 3.750000 3.750000 3.750000 3.750000 3.750000 3.750000 3.750000 3.750000 3.750000 3.750000 3.750000 3.750000 3.750000 3.750000 3.750000 3.750000 3.750000 3.750000 3.750000 3.750000 3.750000 
3.750000 3.750000 3.750000 3.750000 3.750000 3.750000 3.750000 3.750000 3.750000 3.750000 3.750000 3.750000 3.750000 3.750000 3.750000 3.750000 3.750000 3.750000 3.750000 3.750000 3.750000 3.750000 3.750000 3.750000 3.750000 3.750000 3.750000 3.750000 
3.750000 3.750000 3.750000 3.750000 3.750000 3.750000 3.750000 3.750000 3.750000 3.750000 3.750000 3.750000 3.750000 3.750000 3.750000 3.750000 3.750000 3.750000 3.750000 3.750000 3.750000 3.750000 3.750000 3.750000 3.750000 3.750000 3.750000 3.750000 
3.750000 3.750000 3.750000 3.750000 3.750000 3.750000 3.750000 3.750000 3.750000 3.750000 3.750000 3.750000 3.750000 3.750000 3.750000 3.750000 3.750000 3.750000 3.750000 3.750000 3.750000 3.750000 3.750000 3.750000 3.750000 3.750000 3.750000 3.750000 
3.750000 3.750000 3.750000 3.750000 3.750000 3.750000 3.750000 3.750000 3.750000 3.750000 3.750000 3.750000 3.750000 3.750000 3.750000 3.750000 3.750000 3.750000 3.750000 3.750000 3.750000 3.750000 3.750000 3.750000 3.750000 3.750000 3.750000 3.750000 
3.750000 3.750000 3.750000 3.750000 3.750000 3.750000 3.750000 3.750000 3.750000 3.750000 3.750000 3.750000 3.750000 3.750000 3.750000 3.750000 3.750000 3.750000 3.750000 3.750000 3.750000 3.750000 3.750000 3.750000 3.750000 3.750000 3.750000 3.750000 
3.750000 3.750000 3.750000 3.750000 3.750000 3.750000 3.750000 3.750000 3.750000 3.750000 3.750000 3.750000 3.750000 3.750000 3.750000 3.750000 3.750000 3.750000 3.750000 3.750000 3.750000 3.750000 3.750000 3.750000 3.750000 3.750000 3.750000 3.750000 
3.750000 3.750000 3.750000 3.750000 3.750000 3.750000 3.750000 3.750000 3.750000 3.750000 3.750000 3.750000 3.750000 3.750000 3.750000 3.750000 3.750000 3.750000 3.750000 3.750000 3.750000 3.750000 3.750000 3.750000 3.750000 3.750000 3.750000 3.750000 
3.750000 3.750000 3.750000 3.750000 3.750000 3.750000 3.750000 3.750000 3.750000 3.750000 3.750000 3.750000 3.750000 3.750000 3.750000 3.750000 3.750000 3.750000 3.750000 3.750000 3.750000 3.750000 3.750000 3.750000 3.750000 3.750000 3.750000 3.750000 
3.750000 3.750000 3.750000 3.750000 3.750000 3.750000 3.750000 3.750000 3.750000 3.750000 3.750000 3.750000 3.750000 3.750000 3.750000 3.750000 3.750000 3.750000 3.750000 3.750000 3.750000 3.750000 3.750000 3.750000 3.750000 3.750000 3.750000 3.750000 
3.750000 3.750000 3.750000 3.750000 3.750000 3.750000 3.750000 3.750000 3.750000 3.750000 3.750000 3.750000 3.750000 3.750000 3.750000 3.750000 3.750000 3.750000 3.750000 3.750000 3.750000 3.750000 3.750000 3.750000 3.750000 3.750000 3.750000 3.750000 
3.750000 3.750000 3.750000 3.750000 3.750000 3.750000 3.750000 3.750000 3.750000 3.750000 3.750000 3.750000 3.750000 3.750000 3.750000 3.750000 3.750000 3.750000 3.750000 3.750000 3.750000 3.750000 3.750000 3.750000 3.750000 3.750000 3.750000 3.750000 

