//M = 0 
0.625000 0.625000 0.625000 0.625000 0.625000 0.625000 0.625000 0.625000 0.625000 0.625000 0.625000 0.625000 0.625000 0.625000 0.625000 0.625000 0.625000 0.625000 0.625000 0.625000 0.625000 0.625000 0.625000 0.625000 0.625000 0.625000 0.625000 0.625000 
0.625000 0.625000 0.625000 0.625000 0.625000 0.625000 0.625000 0.625000 0.625000 0.625000 0.625000 0.625000 0.625000 0.625000 0.625000 0.625000 0.625000 0.625000 0.625000 0.625000 0.625000 0.625000 0.625000 0.625000 0.625000 0.625000 0.625000 0.625000 
0.625000 0.625000 0.625000 0.625000 0.625000 0.625000 0.625000 0.625000 0.625000 0.625000 0.625000 0.625000 0.625000 0.625000 0.625000 0.625000 0.625000 0.625000 0.625000 0.625000 0.625000 0.625000 0.625000 0.625000 0.625000 0.625000 0.625000 0.625000 
0.625000 0.625000 0.625000 0.625000 0.625000 0.625000 0.625000 0.625000 0.625000 0.625000 0.625000 0.625000 0.625000 0.625000 0.625000 0.625000 0.625000 0.625000 0.625000 0.625000 0.625000 0.625000 0.625000 0.625000 0.625000 0.625000 0.625000 0.625000 
0.625000 0.625000 0.625000 0.625000 0.625000 0.625000 0.625000 0.625000 0.625000 0.625000 0.625000 0.625000 0.625000 0.625000 0.625000 0.625000 0.625000 0.625000 0.625000 0.625000 0.625000 0.625000 0.625000 0.625000 0.625000 0.625000 0.625000 0.625000 
0.625000 0.625000 0.625000 0.625000 0.625000 0.625000 0.625000 0.625000 0.625000 0.625000 0.625000 0.625000 0.625000 0.625000 0.625000 0.625000 0.625000 0.625000 0.625000 0.625000 0.625000 0.625000 0.625000 0.625000 0.625000 0.625000 0.625000 0.625000 
0.625000 0.625000 0.625000 0.625000 0.625000 0.625000 0.625000 0.625000 0.625000 0.625000 0.625000 0.625000 0.625000 0.625000 0.625000 0.625000 0.625000 0.625000 0.625000 0.625000 0.625000 0.625000 0.625000 0.625000 0.625000 0.625000 0.625000 0.625000 
0.625000 0.625000 0.625000 0.625000 0.625000 0.625000 0.625000 0.625000 0.625000 0.625000 0.625000 0.625000 0.625000 0.625000 0.625000 0.625000 0.625000 0.625000 0.625000 0.625000 0.625000 0.625000 0.625000 0.625000 0.625000 0.625000 0.625000 0.625000 
0.625000 0.625000 0.625000 0.625000 0.625000 0.625000 0.625000 0.625000 0.625000 0.625000 0.625000 0.625000 0.625000 0.625000 0.625000 0.625000 0.625000 0.625000 0.625000 0.625000 0.625000 0.625000 0.625000 0.625000 0.625000 0.625000 0.625000 0.625000 
0.625000 0.625000 0.625000 0.625000 0.625000 0.625000 0.625000 0.625000 0.625000 0.625000 0.625000 0.625000 0.625000 0.625000 0.625000 0.625000 0.625000 0.625000 0.625000 0.625000 0.625000 0.625000 0.625000 0.625000 0.625000 0.625000 0.625000 0.625000 
0.625000 0.625000 0.625000 0.625000 0.625000 0.625000 0.625000 0.625000 0.625000 0.625000 0.625000 0.625000 0.625000 0.625000 0.625000 0.625000 0.625000 0.625000 0.625000 0.625000 0.625000 0.625000 0.625000 0.625000 0.625000 0.625000 0.625000 0.625000 
0.625000 0.625000 0.625000 0.625000 0.625000 0.625000 0.625000 0.625000 0.625000 0.625000 0.625000 0.625000 0.625000 0.625000 0.625000 0.625000 0.625000 0.625000 0.625000 0.625000 0.625000 0.625000 0.625000 0.625000 0.625000 0.625000 0.625000 0.625000 
0.625000 0.625000 0.625000 0.625000 0.625000 0.625000 0.625000 0.625000 0.625000 0.625000 0.625000 0.625000 0.625000 0.625000 0.625000 0.625000 0.625000 0.625000 0.625000 0.625000 0.625000 0.625000 0.625000 0.625000 0.625000 0.625000 0.625000 0.625000 
0.625000 0.625000 0.625000 0.625000 0.625000 0.625000 0.625000 0.625000 0.625000 0.625000 0.625000 0.625000 0.625000 0.625000 0.625000 0.625000 0.625000 0.625000 0.625000 0.625000 0.625000 0.625000 0.625000 0.625000 0.625000 0.625000 0.625000 0.625000 
0.625000 0.625000 0.625000 0.625000 0.625000 0.625000 0.625000 0.625000 0.625000 0.625000 0.625000 0.625000 0.625000 0.625000 0.625000 0.625000 0.625000 0.625000 0.625000 0.625000 0.625000 0.625000 0.625000 0.625000 0.625000 0.625000 0.625000 0.625000 
0.625000 0.625000 0.625000 0.625000 0.625000 0.625000 0.625000 0.625000 0.625000 0.625000 0.625000 0.625000 0.625000 0.625000 0.625000 0.625000 0.625000 0.625000 0.625000 0.625000 0.625000 0.625000 0.625000 0.625000 0.625000 0.625000 0.625000 0.625000 
0.625000 0.625000 0.625000 0.625000 0.625000 0.625000 0.625000 0.625000 0.625000 0.625000 0.625000 0.625000 0.625000 0.625000 0.625000 0.625000 0.625000 0.625000 0.625000 0.625000 0.625000 0.625000 0.625000 0.625000 0.625000 0.625000 0.625000 0.625000 
0.625000 0.625000 0.625000 0.625000 0.625000 0.625000 0.625000 0.625000 0.625000 0.625000 0.625000 0.625000 0.625000 0.625000 0.625000 0.625000 0.625000 0.625000 0.625000 0.625000 0.625000 0.625000 0.625000 0.625000 0.625000 0.625000 0.625000 0.625000 
0.625000 0.625000 0.625000 0.625000 0.625000 0.625000 0.625000 0.625000 0.625000 0.625000 0.625000 0.625000 0.625000 0.625000 0.625000 0.625000 0.625000 0.625000 0.625000 0.625000 0.625000 0.625000 0.625000 0.625000 0.625000 0.625000 0.625000 0.625000 
0.625000 0.625000 0.625000 0.625000 0.625000 0.625000 0.625000 0.625000 0.625000 0.625000 0.625000 0.625000 0.625000 0.625000 0.625000 0.625000 0.625000 0.625000 0.625000 0.625000 0.625000 0.625000 0.625000 0.625000 0.625000 0.625000 0.625000 0.625000 
0.625000 0.625000 0.625000 0.625000 0.625000 0.625000 0.625000 0.625000 0.625000 0.625000 0.625000 0.625000 0.625000 0.625000 0.625000 0.625000 0.625000 0.625000 0.625000 0.625000 0.625000 0.625000 0.625000 0.625000 0.625000 0.625000 0.625000 0.625000 
0.625000 0.625000 0.625000 0.625000 0.625000 0.625000 0.625000 0.625000 0.625000 0.625000 0.625000 0.625000 0.625000 0.625000 0.625000 0.625000 0.625000 0.625000 0.625000 0.625000 0.625000 0.625000 0.625000 0.625000 0.625000 0.625000 0.625000 0.625000 
0.625000 0.625000 0.625000 0.625000 0.625000 0.625000 0.625000 0.625000 0.625000 0.625000 0.625000 0.625000 0.625000 0.625000 0.625000 0.625000 0.625000 0.625000 0.625000 0.625000 0.625000 0.625000 0.625000 0.625000 0.625000 0.625000 0.625000 0.625000 
0.625000 0.625000 0.625000 0.625000 0.625000 0.625000 0.625000 0.625000 0.625000 0.625000 0.625000 0.625000 0.625000 0.625000 0.625000 0.625000 0.625000 0.625000 0.625000 0.625000 0.625000 0.625000 0.625000 0.625000 0.625000 0.625000 0.625000 0.625000 
0.625000 0.625000 0.625000 0.625000 0.625000 0.625000 0.625000 0.625000 0.625000 0.625000 0.625000 0.625000 0.625000 0.625000 0.625000 0.625000 0.625000 0.625000 0.625000 0.625000 0.625000 0.625000 0.625000 0.625000 0.625000 0.625000 0.625000 0.625000 
0.625000 0.625000 0.625000 0.625000 0.625000 0.625000 0.625000 0.625000 0.625000 0.625000 0.625000 0.625000 0.625000 0.625000 0.625000 0.625000 0.625000 0.625000 0.625000 0.625000 0.625000 0.625000 0.625000 0.625000 0.625000 0.625000 0.625000 0.625000 
0.625000 0.625000 0.625000 0.625000 0.625000 0.625000 0.625000 0.625000 0.625000 0.625000 0.625000 0.625000 0.625000 0.625000 0.625000 0.625000 0.625000 0.625000 0.625000 0.625000 0.625000 0.625000 0.625000 0.625000 0.625000 0.625000 0.625000 0.625000 
0.625000 0.625000 0.625000 0.625000 0.625000 0.625000 0.625000 0.625000 0.625000 0.625000 0.625000 0.625000 0.625000 0.625000 0.625000 0.625000 0.625000 0.625000 0.625000 0.625000 0.625000 0.625000 0.625000 0.625000 0.625000 0.625000 0.625000 0.625000 

//M = 1 
1.250000 1.250000 1.250000 1.250000 1.250000 1.250000 1.250000 1.250000 1.250000 1.250000 1.250000 1.250000 1.250000 1.250000 1.250000 1.250000 1.250000 1.250000 1.250000 1.250000 1.250000 1.250000 1.250000 1.250000 1.250000 1.250000 1.250000 1.250000 
1.250000 1.250000 1.250000 1.250000 1.250000 1.250000 1.250000 1.250000 1.250000 1.250000 1.250000 1.250000 1.250000 1.250000 1.250000 1.250000 1.250000 1.250000 1.250000 1.250000 1.250000 1.250000 1.250000 1.250000 1.250000 1.250000 1.250000 1.250000 
1.250000 1.250000 1.250000 1.250000 1.250000 1.250000 1.250000 1.250000 1.250000 1.250000 1.250000 1.250000 1.250000 1.250000 1.250000 1.250000 1.250000 1.250000 1.250000 1.250000 1.250000 1.250000 1.250000 1.250000 1.250000 1.250000 1.250000 1.250000 
1.250000 1.250000 1.250000 1.250000 1.250000 1.250000 1.250000 1.250000 1.250000 1.250000 1.250000 1.250000 1.250000 1.250000 1.250000 1.250000 1.250000 1.250000 1.250000 1.250000 1.250000 1.250000 1.250000 1.250000 1.250000 1.250000 1.250000 1.250000 
1.250000 1.250000 1.250000 1.250000 1.250000 1.250000 1.250000 1.250000 1.250000 1.250000 1.250000 1.250000 1.250000 1.250000 1.250000 1.250000 1.250000 1.250000 1.250000 1.250000 1.250000 1.250000 1.250000 1.250000 1.250000 1.250000 1.250000 1.250000 
1.250000 1.250000 1.250000 1.250000 1.250000 1.250000 1.250000 1.250000 1.250000 1.250000 1.250000 1.250000 1.250000 1.250000 1.250000 1.250000 1.250000 1.250000 1.250000 1.250000 1.250000 1.250000 1.250000 1.250000 1.250000 1.250000 1.250000 1.250000 
1.250000 1.250000 1.250000 1.250000 1.250000 1.250000 1.250000 1.250000 1.250000 1.250000 1.250000 1.250000 1.250000 1.250000 1.250000 1.250000 1.250000 1.250000 1.250000 1.250000 1.250000 1.250000 1.250000 1.250000 1.250000 1.250000 1.250000 1.250000 
1.250000 1.250000 1.250000 1.250000 1.250000 1.250000 1.250000 1.250000 1.250000 1.250000 1.250000 1.250000 1.250000 1.250000 1.250000 1.250000 1.250000 1.250000 1.250000 1.250000 1.250000 1.250000 1.250000 1.250000 1.250000 1.250000 1.250000 1.250000 
1.250000 1.250000 1.250000 1.250000 1.250000 1.250000 1.250000 1.250000 1.250000 1.250000 1.250000 1.250000 1.250000 1.250000 1.250000 1.250000 1.250000 1.250000 1.250000 1.250000 1.250000 1.250000 1.250000 1.250000 1.250000 1.250000 1.250000 1.250000 
1.250000 1.250000 1.250000 1.250000 1.250000 1.250000 1.250000 1.250000 1.250000 1.250000 1.250000 1.250000 1.250000 1.250000 1.250000 1.250000 1.250000 1.250000 1.250000 1.250000 1.250000 1.250000 1.250000 1.250000 1.250000 1.250000 1.250000 1.250000 
1.250000 1.250000 1.250000 1.250000 1.250000 1.250000 1.250000 1.250000 1.250000 1.250000 1.250000 1.250000 1.250000 1.250000 1.250000 1.250000 1.250000 1.250000 1.250000 1.250000 1.250000 1.250000 1.250000 1.250000 1.250000 1.250000 1.250000 1.250000 
1.250000 1.250000 1.250000 1.250000 1.250000 1.250000 1.250000 1.250000 1.250000 1.250000 1.250000 1.250000 1.250000 1.250000 1.250000 1.250000 1.250000 1.250000 1.250000 1.250000 1.250000 1.250000 1.250000 1.250000 1.250000 1.250000 1.250000 1.250000 
1.250000 1.250000 1.250000 1.250000 1.250000 1.250000 1.250000 1.250000 1.250000 1.250000 1.250000 1.250000 1.250000 1.250000 1.250000 1.250000 1.250000 1.250000 1.250000 1.250000 1.250000 1.250000 1.250000 1.250000 1.250000 1.250000 1.250000 1.250000 
1.250000 1.250000 1.250000 1.250000 1.250000 1.250000 1.250000 1.250000 1.250000 1.250000 1.250000 1.250000 1.250000 1.250000 1.250000 1.250000 1.250000 1.250000 1.250000 1.250000 1.250000 1.250000 1.250000 1.250000 1.250000 1.250000 1.250000 1.250000 
1.250000 1.250000 1.250000 1.250000 1.250000 1.250000 1.250000 1.250000 1.250000 1.250000 1.250000 1.250000 1.250000 1.250000 1.250000 1.250000 1.250000 1.250000 1.250000 1.250000 1.250000 1.250000 1.250000 1.250000 1.250000 1.250000 1.250000 1.250000 
1.250000 1.250000 1.250000 1.250000 1.250000 1.250000 1.250000 1.250000 1.250000 1.250000 1.250000 1.250000 1.250000 1.250000 1.250000 1.250000 1.250000 1.250000 1.250000 1.250000 1.250000 1.250000 1.250000 1.250000 1.250000 1.250000 1.250000 1.250000 
1.250000 1.250000 1.250000 1.250000 1.250000 1.250000 1.250000 1.250000 1.250000 1.250000 1.250000 1.250000 1.250000 1.250000 1.250000 1.250000 1.250000 1.250000 1.250000 1.250000 1.250000 1.250000 1.250000 1.250000 1.250000 1.250000 1.250000 1.250000 
1.250000 1.250000 1.250000 1.250000 1.250000 1.250000 1.250000 1.250000 1.250000 1.250000 1.250000 1.250000 1.250000 1.250000 1.250000 1.250000 1.250000 1.250000 1.250000 1.250000 1.250000 1.250000 1.250000 1.250000 1.250000 1.250000 1.250000 1.250000 
1.250000 1.250000 1.250000 1.250000 1.250000 1.250000 1.250000 1.250000 1.250000 1.250000 1.250000 1.250000 1.250000 1.250000 1.250000 1.250000 1.250000 1.250000 1.250000 1.250000 1.250000 1.250000 1.250000 1.250000 1.250000 1.250000 1.250000 1.250000 
1.250000 1.250000 1.250000 1.250000 1.250000 1.250000 1.250000 1.250000 1.250000 1.250000 1.250000 1.250000 1.250000 1.250000 1.250000 1.250000 1.250000 1.250000 1.250000 1.250000 1.250000 1.250000 1.250000 1.250000 1.250000 1.250000 1.250000 1.250000 
1.250000 1.250000 1.250000 1.250000 1.250000 1.250000 1.250000 1.250000 1.250000 1.250000 1.250000 1.250000 1.250000 1.250000 1.250000 1.250000 1.250000 1.250000 1.250000 1.250000 1.250000 1.250000 1.250000 1.250000 1.250000 1.250000 1.250000 1.250000 
1.250000 1.250000 1.250000 1.250000 1.250000 1.250000 1.250000 1.250000 1.250000 1.250000 1.250000 1.250000 1.250000 1.250000 1.250000 1.250000 1.250000 1.250000 1.250000 1.250000 1.250000 1.250000 1.250000 1.250000 1.250000 1.250000 1.250000 1.250000 
1.250000 1.250000 1.250000 1.250000 1.250000 1.250000 1.250000 1.250000 1.250000 1.250000 1.250000 1.250000 1.250000 1.250000 1.250000 1.250000 1.250000 1.250000 1.250000 1.250000 1.250000 1.250000 1.250000 1.250000 1.250000 1.250000 1.250000 1.250000 
1.250000 1.250000 1.250000 1.250000 1.250000 1.250000 1.250000 1.250000 1.250000 1.250000 1.250000 1.250000 1.250000 1.250000 1.250000 1.250000 1.250000 1.250000 1.250000 1.250000 1.250000 1.250000 1.250000 1.250000 1.250000 1.250000 1.250000 1.250000 
1.250000 1.250000 1.250000 1.250000 1.250000 1.250000 1.250000 1.250000 1.250000 1.250000 1.250000 1.250000 1.250000 1.250000 1.250000 1.250000 1.250000 1.250000 1.250000 1.250000 1.250000 1.250000 1.250000 1.250000 1.250000 1.250000 1.250000 1.250000 
1.250000 1.250000 1.250000 1.250000 1.250000 1.250000 1.250000 1.250000 1.250000 1.250000 1.250000 1.250000 1.250000 1.250000 1.250000 1.250000 1.250000 1.250000 1.250000 1.250000 1.250000 1.250000 1.250000 1.250000 1.250000 1.250000 1.250000 1.250000 
1.250000 1.250000 1.250000 1.250000 1.250000 1.250000 1.250000 1.250000 1.250000 1.250000 1.250000 1.250000 1.250000 1.250000 1.250000 1.250000 1.250000 1.250000 1.250000 1.250000 1.250000 1.250000 1.250000 1.250000 1.250000 1.250000 1.250000 1.250000 
1.250000 1.250000 1.250000 1.250000 1.250000 1.250000 1.250000 1.250000 1.250000 1.250000 1.250000 1.250000 1.250000 1.250000 1.250000 1.250000 1.250000 1.250000 1.250000 1.250000 1.250000 1.250000 1.250000 1.250000 1.250000 1.250000 1.250000 1.250000 

//M = 2 
1.875000 1.875000 1.875000 1.875000 1.875000 1.875000 1.875000 1.875000 1.875000 1.875000 1.875000 1.875000 1.875000 1.875000 1.875000 1.875000 1.875000 1.875000 1.875000 1.875000 1.875000 1.875000 1.875000 1.875000 1.875000 1.875000 1.875000 1.875000 
1.875000 1.875000 1.875000 1.875000 1.875000 1.875000 1.875000 1.875000 1.875000 1.875000 1.875000 1.875000 1.875000 1.875000 1.875000 1.875000 1.875000 1.875000 1.875000 1.875000 1.875000 1.875000 1.875000 1.875000 1.875000 1.875000 1.875000 1.875000 
1.875000 1.875000 1.875000 1.875000 1.875000 1.875000 1.875000 1.875000 1.875000 1.875000 1.875000 1.875000 1.875000 1.875000 1.875000 1.875000 1.875000 1.875000 1.875000 1.875000 1.875000 1.875000 1.875000 1.875000 1.875000 1.875000 1.875000 1.875000 
1.875000 1.875000 1.875000 1.875000 1.875000 1.875000 1.875000 1.875000 1.875000 1.875000 1.875000 1.875000 1.875000 1.875000 1.875000 1.875000 1.875000 1.875000 1.875000 1.875000 1.875000 1.875000 1.875000 1.875000 1.875000 1.875000 1.875000 1.875000 
1.875000 1.875000 1.875000 1.875000 1.875000 1.875000 1.875000 1.875000 1.875000 1.875000 1.875000 1.875000 1.875000 1.875000 1.875000 1.875000 1.875000 1.875000 1.875000 1.875000 1.875000 1.875000 1.875000 1.875000 1.875000 1.875000 1.875000 1.875000 
1.875000 1.875000 1.875000 1.875000 1.875000 1.875000 1.875000 1.875000 1.875000 1.875000 1.875000 1.875000 1.875000 1.875000 1.875000 1.875000 1.875000 1.875000 1.875000 1.875000 1.875000 1.875000 1.875000 1.875000 1.875000 1.875000 1.875000 1.875000 
1.875000 1.875000 1.875000 1.875000 1.875000 1.875000 1.875000 1.875000 1.875000 1.875000 1.875000 1.875000 1.875000 1.875000 1.875000 1.875000 1.875000 1.875000 1.875000 1.875000 1.875000 1.875000 1.875000 1.875000 1.875000 1.875000 1.875000 1.875000 
1.875000 1.875000 1.875000 1.875000 1.875000 1.875000 1.875000 1.875000 1.875000 1.875000 1.875000 1.875000 1.875000 1.875000 1.875000 1.875000 1.875000 1.875000 1.875000 1.875000 1.875000 1.875000 1.875000 1.875000 1.875000 1.875000 1.875000 1.875000 
1.875000 1.875000 1.875000 1.875000 1.875000 1.875000 1.875000 1.875000 1.875000 1.875000 1.875000 1.875000 1.875000 1.875000 1.875000 1.875000 1.875000 1.875000 1.875000 1.875000 1.875000 1.875000 1.875000 1.875000 1.875000 1.875000 1.875000 1.875000 
1.875000 1.875000 1.875000 1.875000 1.875000 1.875000 1.875000 1.875000 1.875000 1.875000 1.875000 1.875000 1.875000 1.875000 1.875000 1.875000 1.875000 1.875000 1.875000 1.875000 1.875000 1.875000 1.875000 1.875000 1.875000 1.875000 1.875000 1.875000 
1.875000 1.875000 1.875000 1.875000 1.875000 1.875000 1.875000 1.875000 1.875000 1.875000 1.875000 1.875000 1.875000 1.875000 1.875000 1.875000 1.875000 1.875000 1.875000 1.875000 1.875000 1.875000 1.875000 1.875000 1.875000 1.875000 1.875000 1.875000 
1.875000 1.875000 1.875000 1.875000 1.875000 1.875000 1.875000 1.875000 1.875000 1.875000 1.875000 1.875000 1.875000 1.875000 1.875000 1.875000 1.875000 1.875000 1.875000 1.875000 1.875000 1.875000 1.875000 1.875000 1.875000 1.875000 1.875000 1.875000 
1.875000 1.875000 1.875000 1.875000 1.875000 1.875000 1.875000 1.875000 1.875000 1.875000 1.875000 1.875000 1.875000 1.875000 1.875000 1.875000 1.875000 1.875000 1.875000 1.875000 1.875000 1.875000 1.875000 1.875000 1.875000 1.875000 1.875000 1.875000 
1.875000 1.875000 1.875000 1.875000 1.875000 1.875000 1.875000 1.875000 1.875000 1.875000 1.875000 1.875000 1.875000 1.875000 1.875000 1.875000 1.875000 1.875000 1.875000 1.875000 1.875000 1.875000 1.875000 1.875000 1.875000 1.875000 1.875000 1.875000 
1.875000 1.875000 1.875000 1.875000 1.875000 1.875000 1.875000 1.875000 1.875000 1.875000 1.875000 1.875000 1.875000 1.875000 1.875000 1.875000 1.875000 1.875000 1.875000 1.875000 1.875000 1.875000 1.875000 1.875000 1.875000 1.875000 1.875000 1.875000 
1.875000 1.875000 1.875000 1.875000 1.875000 1.875000 1.875000 1.875000 1.875000 1.875000 1.875000 1.875000 1.875000 1.875000 1.875000 1.875000 1.875000 1.875000 1.875000 1.875000 1.875000 1.875000 1.875000 1.875000 1.875000 1.875000 1.875000 1.875000 
1.875000 1.875000 1.875000 1.875000 1.875000 1.875000 1.875000 1.875000 1.875000 1.875000 1.875000 1.875000 1.875000 1.875000 1.875000 1.875000 1.875000 1.875000 1.875000 1.875000 1.875000 1.875000 1.875000 1.875000 1.875000 1.875000 1.875000 1.875000 
1.875000 1.875000 1.875000 1.875000 1.875000 1.875000 1.875000 1.875000 1.875000 1.875000 1.875000 1.875000 1.875000 1.875000 1.875000 1.875000 1.875000 1.875000 1.875000 1.875000 1.875000 1.875000 1.875000 1.875000 1.875000 1.875000 1.875000 1.875000 
1.875000 1.875000 1.875000 1.875000 1.875000 1.875000 1.875000 1.875000 1.875000 1.875000 1.875000 1.875000 1.875000 1.875000 1.875000 1.875000 1.875000 1.875000 1.875000 1.875000 1.875000 1.875000 1.875000 1.875000 1.875000 1.875000 1.875000 1.875000 
1.875000 1.875000 1.875000 1.875000 1.875000 1.875000 1.875000 1.875000 1.875000 1.875000 1.875000 1.875000 1.875000 1.875000 1.875000 1.875000 1.875000 1.875000 1.875000 1.875000 1.875000 1.875000 1.875000 1.875000 1.875000 1.875000 1.875000 1.875000 
1.875000 1.875000 1.875000 1.875000 1.875000 1.875000 1.875000 1.875000 1.875000 1.875000 1.875000 1.875000 1.875000 1.875000 1.875000 1.875000 1.875000 1.875000 1.875000 1.875000 1.875000 1.875000 1.875000 1.875000 1.875000 1.875000 1.875000 1.875000 
1.875000 1.875000 1.875000 1.875000 1.875000 1.875000 1.875000 1.875000 1.875000 1.875000 1.875000 1.875000 1.875000 1.875000 1.875000 1.875000 1.875000 1.875000 1.875000 1.875000 1.875000 1.875000 1.875000 1.875000 1.875000 1.875000 1.875000 1.875000 
1.875000 1.875000 1.875000 1.875000 1.875000 1.875000 1.875000 1.875000 1.875000 1.875000 1.875000 1.875000 1.875000 1.875000 1.875000 1.875000 1.875000 1.875000 1.875000 1.875000 1.875000 1.875000 1.875000 1.875000 1.875000 1.875000 1.875000 1.875000 
1.875000 1.875000 1.875000 1.875000 1.875000 1.875000 1.875000 1.875000 1.875000 1.875000 1.875000 1.875000 1.875000 1.875000 1.875000 1.875000 1.875000 1.875000 1.875000 1.875000 1.875000 1.875000 1.875000 1.875000 1.875000 1.875000 1.875000 1.875000 
1.875000 1.875000 1.875000 1.875000 1.875000 1.875000 1.875000 1.875000 1.875000 1.875000 1.875000 1.875000 1.875000 1.875000 1.875000 1.875000 1.875000 1.875000 1.875000 1.875000 1.875000 1.875000 1.875000 1.875000 1.875000 1.875000 1.875000 1.875000 
1.875000 1.875000 1.875000 1.875000 1.875000 1.875000 1.875000 1.875000 1.875000 1.875000 1.875000 1.875000 1.875000 1.875000 1.875000 1.875000 1.875000 1.875000 1.875000 1.875000 1.875000 1.875000 1.875000 1.875000 1.875000 1.875000 1.875000 1.875000 
1.875000 1.875000 1.875000 1.875000 1.875000 1.875000 1.875000 1.875000 1.875000 1.875000 1.875000 1.875000 1.875000 1.875000 1.875000 1.875000 1.875000 1.875000 1.875000 1.875000 1.875000 1.875000 1.875000 1.875000 1.875000 1.875000 1.875000 1.875000 
1.875000 1.875000 1.875000 1.875000 1.875000 1.875000 1.875000 1.875000 1.875000 1.875000 1.875000 1.875000 1.875000 1.875000 1.875000 1.875000 1.875000 1.875000 1.875000 1.875000 1.875000 1.875000 1.875000 1.875000 1.875000 1.875000 1.875000 1.875000 

//M = 3 
2.500000 2.500000 2.500000 2.500000 2.500000 2.500000 2.500000 2.500000 2.500000 2.500000 2.500000 2.500000 2.500000 2.500000 2.500000 2.500000 2.500000 2.500000 2.500000 2.500000 2.500000 2.500000 2.500000 2.500000 2.500000 2.500000 2.500000 2.500000 
2.500000 2.500000 2.500000 2.500000 2.500000 2.500000 2.500000 2.500000 2.500000 2.500000 2.500000 2.500000 2.500000 2.500000 2.500000 2.500000 2.500000 2.500000 2.500000 2.500000 2.500000 2.500000 2.500000 2.500000 2.500000 2.500000 2.500000 2.500000 
2.500000 2.500000 2.500000 2.500000 2.500000 2.500000 2.500000 2.500000 2.500000 2.500000 2.500000 2.500000 2.500000 2.500000 2.500000 2.500000 2.500000 2.500000 2.500000 2.500000 2.500000 2.500000 2.500000 2.500000 2.500000 2.500000 2.500000 2.500000 
2.500000 2.500000 2.500000 2.500000 2.500000 2.500000 2.500000 2.500000 2.500000 2.500000 2.500000 2.500000 2.500000 2.500000 2.500000 2.500000 2.500000 2.500000 2.500000 2.500000 2.500000 2.500000 2.500000 2.500000 2.500000 2.500000 2.500000 2.500000 
2.500000 2.500000 2.500000 2.500000 2.500000 2.500000 2.500000 2.500000 2.500000 2.500000 2.500000 2.500000 2.500000 2.500000 2.500000 2.500000 2.500000 2.500000 2.500000 2.500000 2.500000 2.500000 2.500000 2.500000 2.500000 2.500000 2.500000 2.500000 
2.500000 2.500000 2.500000 2.500000 2.500000 2.500000 2.500000 2.500000 2.500000 2.500000 2.500000 2.500000 2.500000 2.500000 2.500000 2.500000 2.500000 2.500000 2.500000 2.500000 2.500000 2.500000 2.500000 2.500000 2.500000 2.500000 2.500000 2.500000 
2.500000 2.500000 2.500000 2.500000 2.500000 2.500000 2.500000 2.500000 2.500000 2.500000 2.500000 2.500000 2.500000 2.500000 2.500000 2.500000 2.500000 2.500000 2.500000 2.500000 2.500000 2.500000 2.500000 2.500000 2.500000 2.500000 2.500000 2.500000 
2.500000 2.500000 2.500000 2.500000 2.500000 2.500000 2.500000 2.500000 2.500000 2.500000 2.500000 2.500000 2.500000 2.500000 2.500000 2.500000 2.500000 2.500000 2.500000 2.500000 2.500000 2.500000 2.500000 2.500000 2.500000 2.500000 2.500000 2.500000 
2.500000 2.500000 2.500000 2.500000 2.500000 2.500000 2.500000 2.500000 2.500000 2.500000 2.500000 2.500000 2.500000 2.500000 2.500000 2.500000 2.500000 2.500000 2.500000 2.500000 2.500000 2.500000 2.500000 2.500000 2.500000 2.500000 2.500000 2.500000 
2.500000 2.500000 2.500000 2.500000 2.500000 2.500000 2.500000 2.500000 2.500000 2.500000 2.500000 2.500000 2.500000 2.500000 2.500000 2.500000 2.500000 2.500000 2.500000 2.500000 2.500000 2.500000 2.500000 2.500000 2.500000 2.500000 2.500000 2.500000 
2.500000 2.500000 2.500000 2.500000 2.500000 2.500000 2.500000 2.500000 2.500000 2.500000 2.500000 2.500000 2.500000 2.500000 2.500000 2.500000 2.500000 2.500000 2.500000 2.500000 2.500000 2.500000 2.500000 2.500000 2.500000 2.500000 2.500000 2.500000 
2.500000 2.500000 2.500000 2.500000 2.500000 2.500000 2.500000 2.500000 2.500000 2.500000 2.500000 2.500000 2.500000 2.500000 2.500000 2.500000 2.500000 2.500000 2.500000 2.500000 2.500000 2.500000 2.500000 2.500000 2.500000 2.500000 2.500000 2.500000 
2.500000 2.500000 2.500000 2.500000 2.500000 2.500000 2.500000 2.500000 2.500000 2.500000 2.500000 2.500000 2.500000 2.500000 2.500000 2.500000 2.500000 2.500000 2.500000 2.500000 2.500000 2.500000 2.500000 2.500000 2.500000 2.500000 2.500000 2.500000 
2.500000 2.500000 2.500000 2.500000 2.500000 2.500000 2.500000 2.500000 2.500000 2.500000 2.500000 2.500000 2.500000 2.500000 2.500000 2.500000 2.500000 2.500000 2.500000 2.500000 2.500000 2.500000 2.500000 2.500000 2.500000 2.500000 2.500000 2.500000 
2.500000 2.500000 2.500000 2.500000 2.500000 2.500000 2.500000 2.500000 2.500000 2.500000 2.500000 2.500000 2.500000 2.500000 2.500000 2.500000 2.500000 2.500000 2.500000 2.500000 2.500000 2.500000 2.500000 2.500000 2.500000 2.500000 2.500000 2.500000 
2.500000 2.500000 2.500000 2.500000 2.500000 2.500000 2.500000 2.500000 2.500000 2.500000 2.500000 2.500000 2.500000 2.500000 2.500000 2.500000 2.500000 2.500000 2.500000 2.500000 2.500000 2.500000 2.500000 2.500000 2.500000 2.500000 2.500000 2.500000 
2.500000 2.500000 2.500000 2.500000 2.500000 2.500000 2.500000 2.500000 2.500000 2.500000 2.500000 2.500000 2.500000 2.500000 2.500000 2.500000 2.500000 2.500000 2.500000 2.500000 2.500000 2.500000 2.500000 2.500000 2.500000 2.500000 2.500000 2.500000 
2.500000 2.500000 2.500000 2.500000 2.500000 2.500000 2.500000 2.500000 2.500000 2.500000 2.500000 2.500000 2.500000 2.500000 2.500000 2.500000 2.500000 2.500000 2.500000 2.500000 2.500000 2.500000 2.500000 2.500000 2.500000 2.500000 2.500000 2.500000 
2.500000 2.500000 2.500000 2.500000 2.500000 2.500000 2.500000 2.500000 2.500000 2.500000 2.500000 2.500000 2.500000 2.500000 2.500000 2.500000 2.500000 2.500000 2.500000 2.500000 2.500000 2.500000 2.500000 2.500000 2.500000 2.500000 2.500000 2.500000 
2.500000 2.500000 2.500000 2.500000 2.500000 2.500000 2.500000 2.500000 2.500000 2.500000 2.500000 2.500000 2.500000 2.500000 2.500000 2.500000 2.500000 2.500000 2.500000 2.500000 2.500000 2.500000 2.500000 2.500000 2.500000 2.500000 2.500000 2.500000 
2.500000 2.500000 2.500000 2.500000 2.500000 2.500000 2.500000 2.500000 2.500000 2.500000 2.500000 2.500000 2.500000 2.500000 2.500000 2.500000 2.500000 2.500000 2.500000 2.500000 2.500000 2.500000 2.500000 2.500000 2.500000 2.500000 2.500000 2.500000 
2.500000 2.500000 2.500000 2.500000 2.500000 2.500000 2.500000 2.500000 2.500000 2.500000 2.500000 2.500000 2.500000 2.500000 2.500000 2.500000 2.500000 2.500000 2.500000 2.500000 2.500000 2.500000 2.500000 2.500000 2.500000 2.500000 2.500000 2.500000 
2.500000 2.500000 2.500000 2.500000 2.500000 2.500000 2.500000 2.500000 2.500000 2.500000 2.500000 2.500000 2.500000 2.500000 2.500000 2.500000 2.500000 2.500000 2.500000 2.500000 2.500000 2.500000 2.500000 2.500000 2.500000 2.500000 2.500000 2.500000 
2.500000 2.500000 2.500000 2.500000 2.500000 2.500000 2.500000 2.500000 2.500000 2.500000 2.500000 2.500000 2.500000 2.500000 2.500000 2.500000 2.500000 2.500000 2.500000 2.500000 2.500000 2.500000 2.500000 2.500000 2.500000 2.500000 2.500000 2.500000 
2.500000 2.500000 2.500000 2.500000 2.500000 2.500000 2.500000 2.500000 2.500000 2.500000 2.500000 2.500000 2.500000 2.500000 2.500000 2.500000 2.500000 2.500000 2.500000 2.500000 2.500000 2.500000 2.500000 2.500000 2.500000 2.500000 2.500000 2.500000 
2.500000 2.500000 2.500000 2.500000 2.500000 2.500000 2.500000 2.500000 2.500000 2.500000 2.500000 2.500000 2.500000 2.500000 2.500000 2.500000 2.500000 2.500000 2.500000 2.500000 2.500000 2.500000 2.500000 2.500000 2.500000 2.500000 2.500000 2.500000 
2.500000 2.500000 2.500000 2.500000 2.500000 2.500000 2.500000 2.500000 2.500000 2.500000 2.500000 2.500000 2.500000 2.500000 2.500000 2.500000 2.500000 2.500000 2.500000 2.500000 2.500000 2.500000 2.500000 2.500000 2.500000 2.500000 2.500000 2.500000 
2.500000 2.500000 2.500000 2.500000 2.500000 2.500000 2.500000 2.500000 2.500000 2.500000 2.500000 2.500000 2.500000 2.500000 2.500000 2.500000 2.500000 2.500000 2.500000 2.500000 2.500000 2.500000 2.500000 2.500000 2.500000 2.500000 2.500000 2.500000 

//M = 4 
3.125000 3.125000 3.125000 3.125000 3.125000 3.125000 3.125000 3.125000 3.125000 3.125000 3.125000 3.125000 3.125000 3.125000 3.125000 3.125000 3.125000 3.125000 3.125000 3.125000 3.125000 3.125000 3.125000 3.125000 3.125000 3.125000 3.125000 3.125000 
3.125000 3.125000 3.125000 3.125000 3.125000 3.125000 3.125000 3.125000 3.125000 3.125000 3.125000 3.125000 3.125000 3.125000 3.125000 3.125000 3.125000 3.125000 3.125000 3.125000 3.125000 3.125000 3.125000 3.125000 3.125000 3.125000 3.125000 3.125000 
3.125000 3.125000 3.125000 3.125000 3.125000 3.125000 3.125000 3.125000 3.125000 3.125000 3.125000 3.125000 3.125000 3.125000 3.125000 3.125000 3.125000 3.125000 3.125000 3.125000 3.125000 3.125000 3.125000 3.125000 3.125000 3.125000 3.125000 3.125000 
3.125000 3.125000 3.125000 3.125000 3.125000 3.125000 3.125000 3.125000 3.125000 3.125000 3.125000 3.125000 3.125000 3.125000 3.125000 3.125000 3.125000 3.125000 3.125000 3.125000 3.125000 3.125000 3.125000 3.125000 3.125000 3.125000 3.125000 3.125000 
3.125000 3.125000 3.125000 3.125000 3.125000 3.125000 3.125000 3.125000 3.125000 3.125000 3.125000 3.125000 3.125000 3.125000 3.125000 3.125000 3.125000 3.125000 3.125000 3.125000 3.125000 3.125000 3.125000 3.125000 3.125000 3.125000 3.125000 3.125000 
3.125000 3.125000 3.125000 3.125000 3.125000 3.125000 3.125000 3.125000 3.125000 3.125000 3.125000 3.125000 3.125000 3.125000 3.125000 3.125000 3.125000 3.125000 3.125000 3.125000 3.125000 3.125000 3.125000 3.125000 3.125000 3.125000 3.125000 3.125000 
3.125000 3.125000 3.125000 3.125000 3.125000 3.125000 3.125000 3.125000 3.125000 3.125000 3.125000 3.125000 3.125000 3.125000 3.125000 3.125000 3.125000 3.125000 3.125000 3.125000 3.125000 3.125000 3.125000 3.125000 3.125000 3.125000 3.125000 3.125000 
3.125000 3.125000 3.125000 3.125000 3.125000 3.125000 3.125000 3.125000 3.125000 3.125000 3.125000 3.125000 3.125000 3.125000 3.125000 3.125000 3.125000 3.125000 3.125000 3.125000 3.125000 3.125000 3.125000 3.125000 3.125000 3.125000 3.125000 3.125000 
3.125000 3.125000 3.125000 3.125000 3.125000 3.125000 3.125000 3.125000 3.125000 3.125000 3.125000 3.125000 3.125000 3.125000 3.125000 3.125000 3.125000 3.125000 3.125000 3.125000 3.125000 3.125000 3.125000 3.125000 3.125000 3.125000 3.125000 3.125000 
3.125000 3.125000 3.125000 3.125000 3.125000 3.125000 3.125000 3.125000 3.125000 3.125000 3.125000 3.125000 3.125000 3.125000 3.125000 3.125000 3.125000 3.125000 3.125000 3.125000 3.125000 3.125000 3.125000 3.125000 3.125000 3.125000 3.125000 3.125000 
3.125000 3.125000 3.125000 3.125000 3.125000 3.125000 3.125000 3.125000 3.125000 3.125000 3.125000 3.125000 3.125000 3.125000 3.125000 3.125000 3.125000 3.125000 3.125000 3.125000 3.125000 3.125000 3.125000 3.125000 3.125000 3.125000 3.125000 3.125000 
3.125000 3.125000 3.125000 3.125000 3.125000 3.125000 3.125000 3.125000 3.125000 3.125000 3.125000 3.125000 3.125000 3.125000 3.125000 3.125000 3.125000 3.125000 3.125000 3.125000 3.125000 3.125000 3.125000 3.125000 3.125000 3.125000 3.125000 3.125000 
3.125000 3.125000 3.125000 3.125000 3.125000 3.125000 3.125000 3.125000 3.125000 3.125000 3.125000 3.125000 3.125000 3.125000 3.125000 3.125000 3.125000 3.125000 3.125000 3.125000 3.125000 3.125000 3.125000 3.125000 3.125000 3.125000 3.125000 3.125000 
3.125000 3.125000 3.125000 3.125000 3.125000 3.125000 3.125000 3.125000 3.125000 3.125000 3.125000 3.125000 3.125000 3.125000 3.125000 3.125000 3.125000 3.125000 3.125000 3.125000 3.125000 3.125000 3.125000 3.125000 3.125000 3.125000 3.125000 3.125000 
3.125000 3.125000 3.125000 3.125000 3.125000 3.125000 3.125000 3.125000 3.125000 3.125000 3.125000 3.125000 3.125000 3.125000 3.125000 3.125000 3.125000 3.125000 3.125000 3.125000 3.125000 3.125000 3.125000 3.125000 3.125000 3.125000 3.125000 3.125000 
3.125000 3.125000 3.125000 3.125000 3.125000 3.125000 3.125000 3.125000 3.125000 3.125000 3.125000 3.125000 3.125000 3.125000 3.125000 3.125000 3.125000 3.125000 3.125000 3.125000 3.125000 3.125000 3.125000 3.125000 3.125000 3.125000 3.125000 3.125000 
3.125000 3.125000 3.125000 3.125000 3.125000 3.125000 3.125000 3.125000 3.125000 3.125000 3.125000 3.125000 3.125000 3.125000 3.125000 3.125000 3.125000 3.125000 3.125000 3.125000 3.125000 3.125000 3.125000 3.125000 3.125000 3.125000 3.125000 3.125000 
3.125000 3.125000 3.125000 3.125000 3.125000 3.125000 3.125000 3.125000 3.125000 3.125000 3.125000 3.125000 3.125000 3.125000 3.125000 3.125000 3.125000 3.125000 3.125000 3.125000 3.125000 3.125000 3.125000 3.125000 3.125000 3.125000 3.125000 3.125000 
3.125000 3.125000 3.125000 3.125000 3.125000 3.125000 3.125000 3.125000 3.125000 3.125000 3.125000 3.125000 3.125000 3.125000 3.125000 3.125000 3.125000 3.125000 3.125000 3.125000 3.125000 3.125000 3.125000 3.125000 3.125000 3.125000 3.125000 3.125000 
3.125000 3.125000 3.125000 3.125000 3.125000 3.125000 3.125000 3.125000 3.125000 3.125000 3.125000 3.125000 3.125000 3.125000 3.125000 3.125000 3.125000 3.125000 3.125000 3.125000 3.125000 3.125000 3.125000 3.125000 3.125000 3.125000 3.125000 3.125000 
3.125000 3.125000 3.125000 3.125000 3.125000 3.125000 3.125000 3.125000 3.125000 3.125000 3.125000 3.125000 3.125000 3.125000 3.125000 3.125000 3.125000 3.125000 3.125000 3.125000 3.125000 3.125000 3.125000 3.125000 3.125000 3.125000 3.125000 3.125000 
3.125000 3.125000 3.125000 3.125000 3.125000 3.125000 3.125000 3.125000 3.125000 3.125000 3.125000 3.125000 3.125000 3.125000 3.125000 3.125000 3.125000 3.125000 3.125000 3.125000 3.125000 3.125000 3.125000 3.125000 3.125000 3.125000 3.125000 3.125000 
3.125000 3.125000 3.125000 3.125000 3.125000 3.125000 3.125000 3.125000 3.125000 3.125000 3.125000 3.125000 3.125000 3.125000 3.125000 3.125000 3.125000 3.125000 3.125000 3.125000 3.125000 3.125000 3.125000 3.125000 3.125000 3.125000 3.125000 3.125000 
3.125000 3.125000 3.125000 3.125000 3.125000 3.125000 3.125000 3.125000 3.125000 3.125000 3.125000 3.125000 3.125000 3.125000 3.125000 3.125000 3.125000 3.125000 3.125000 3.125000 3.125000 3.125000 3.125000 3.125000 3.125000 3.125000 3.125000 3.125000 
3.125000 3.125000 3.125000 3.125000 3.125000 3.125000 3.125000 3.125000 3.125000 3.125000 3.125000 3.125000 3.125000 3.125000 3.125000 3.125000 3.125000 3.125000 3.125000 3.125000 3.125000 3.125000 3.125000 3.125000 3.125000 3.125000 3.125000 3.125000 
3.125000 3.125000 3.125000 3.125000 3.125000 3.125000 3.125000 3.125000 3.125000 3.125000 3.125000 3.125000 3.125000 3.125000 3.125000 3.125000 3.125000 3.125000 3.125000 3.125000 3.125000 3.125000 3.125000 3.125000 3.125000 3.125000 3.125000 3.125000 
3.125000 3.125000 3.125000 3.125000 3.125000 3.125000 3.125000 3.125000 3.125000 3.125000 3.125000 3.125000 3.125000 3.125000 3.125000 3.125000 3.125000 3.125000 3.125000 3.125000 3.125000 3.125000 3.125000 3.125000 3.125000 3.125000 3.125000 3.125000 
3.125000 3.125000 3.125000 3.125000 3.125000 3.125000 3.125000 3.125000 3.125000 3.125000 3.125000 3.125000 3.125000 3.125000 3.125000 3.125000 3.125000 3.125000 3.125000 3.125000 3.125000 3.125000 3.125000 3.125000 3.125000 3.125000 3.125000 3.125000 

//M = 5 
3.750000 3.750000 3.750000 3.750000 3.750000 3.750000 3.750000 3.750000 3.750000 3.750000 3.750000 3.750000 3.750000 3.750000 3.750000 3.750000 3.750000 3.750000 3.750000 3.750000 3.750000 3.750000 3.750000 3.750000 3.750000 3.750000 3.750000 3.750000 
3.750000 3.750000 3.750000 3.750000 3.750000 3.750000 3.750000 3.750000 3.750000 3.750000 3.750000 3.750000 3.750000 3.750000 3.750000 3.750000 3.750000 3.750000 3.750000 3.750000 3.750000 3.750000 3.750000 3.750000 3.750000 3.750000 3.750000 3.750000 
3.750000 3.750000 3.750000 3.750000 3.750000 3.750000 3.750000 3.750000 3.750000 3.750000 3.750000 3.750000 3.750000 3.750000 3.750000 3.750000 3.750000 3.750000 3.750000 3.750000 3.750000 3.750000 3.750000 3.750000 3.750000 3.750000 3.750000 3.750000 
3.750000 3.750000 3.750000 3.750000 3.750000 3.750000 3.750000 3.750000 3.750000 3.750000 3.750000 3.750000 3.750000 3.750000 3.750000 3.750000 3.750000 3.750000 3.750000 3.750000 3.750000 3.750000 3.750000 3.750000 3.750000 3.750000 3.750000 3.750000 
3.750000 3.750000 3.750000 3.750000 3.750000 3.750000 3.750000 3.750000 3.750000 3.750000 3.750000 3.750000 3.750000 3.750000 3.750000 3.750000 3.750000 3.750000 3.750000 3.750000 3.750000 3.750000 3.750000 3.750000 3.750000 3.750000 3.750000 3.750000 
3.750000 3.750000 3.750000 3.750000 3.750000 3.750000 3.750000 3.750000 3.750000 3.750000 3.750000 3.750000 3.750000 3.750000 3.750000 3.750000 3.750000 3.750000 3.750000 3.750000 3.750000 3.750000 3.750000 3.750000 3.750000 3.750000 3.750000 3.750000 
3.750000 3.750000 3.750000 3.750000 3.750000 3.750000 3.750000 3.750000 3.750000 3.750000 3.750000 3.750000 3.750000 3.750000 3.750000 3.750000 3.750000 3.750000 3.750000 3.750000 3.750000 3.750000 3.750000 3.750000 3.750000 3.750000 3.750000 3.750000 
3.750000 3.750000 3.750000 3.750000 3.750000 3.750000 3.750000 3.750000 3.750000 3.750000 3.750000 3.750000 3.750000 3.750000 3.750000 3.750000 3.750000 3.750000 3.750000 3.750000 3.750000 3.750000 3.750000 3.750000 3.750000 3.750000 3.750000 3.750000 
3.750000 3.750000 3.750000 3.750000 3.750000 3.750000 3.750000 3.750000 3.750000 3.750000 3.750000 3.750000 3.750000 3.750000 3.750000 3.750000 3.750000 3.750000 3.750000 3.750000 3.750000 3.750000 3.750000 3.750000 3.750000 3.750000 3.750000 3.750000 
3.750000 3.750000 3.750000 3.750000 3.750000 3.750000 3.750000 3.750000 3.750000 3.750000 3.750000 3.750000 3.750000 3.750000 3.750000 3.750000 3.750000 3.750000 3.750000 3.750000 3.750000 3.750000 3.750000 3.750000 3.750000 3.750000 3.750000 3.750000 
3.750000 3.750000 3.750000 3.750000 3.750000 3.750000 3.750000 3.750000 3.750000 3.750000 3.750000 3.750000 3.750000 3.750000 3.750000 3.750000 3.750000 3.750000 3.750000 3.750000 3.750000 3.750000 3.750000 3.750000 3.750000 3.750000 3.750000 3.750000 
3.750000 3.750000 3.750000 3.750000 3.750000 3.750000 3.750000 3.750000 3.750000 3.750000 3.750000 3.750000 3.750000 3.750000 3.750000 3.750000 3.750000 3.750000 3.750000 3.750000 3.750000 3.750000 3.750000 3.750000 3.750000 3.750000 3.750000 3.750000 
3.750000 3.750000 3.750000 3.750000 3.750000 3.750000 3.750000 3.750000 3.750000 3.750000 3.750000 3.750000 3.750000 3.750000 3.750000 3.750000 3.750000 3.750000 3.750000 3.750000 3.750000 3.750000 3.750000 3.750000 3.750000 3.750000 3.750000 3.750000 
3.750000 3.750000 3.750000 3.750000 3.750000 3.750000 3.750000 3.750000 3.750000 3.750000 3.750000 3.750000 3.750000 3.750000 3.750000 3.750000 3.750000 3.750000 3.750000 3.750000 3.750000 3.750000 3.750000 3.750000 3.750000 3.750000 3.750000 3.750000 
3.750000 3.750000 3.750000 3.750000 3.750000 3.750000 3.750000 3.750000 3.750000 3.750000 3.750000 3.750000 3.750000 3.750000 3.750000 3.750000 3.750000 3.750000 3.750000 3.750000 3.750000 3.750000 3.750000 3.750000 3.750000 3.750000 3.750000 3.750000 
3.750000 3.750000 3.750000 3.750000 3.750000 3.750000 3.750000 3.750000 3.750000 3.750000 3.750000 3.750000 3.750000 3.750000 3.750000 3.750000 3.750000 3.750000 3.750000 3.750000 3.750000 3.750000 3.750000 3.750000 3.750000 3.750000 3.750000 3.750000 
3.750000 3.750000 3.750000 3.750000 3.750000 3.750000 3.750000 3.750000 3.750000 3.750000 3.750000 3.750000 3.750000 3.750000 3.750000 3.750000 3.750000 3.750000 3.750000 3.750000 3.750000 3.750000 3.750000 3.750000 3.750000 3.750000 3.750000 3.750000 
3.750000 3.750000 3.750000 3.750000 3.750000 3.750000 3.750000 3.750000 3.750000 3.750000 3.750000 3.750000 3.750000 3.750000 3.750000 3.750000 3.750000 3.750000 3.750000 3.750000 3.750000 3.750000 3.750000 3.750000 3.750000 3.750000 3.750000 3.750000 
3.750000 3.750000 3.750000 3.750000 3.750000 3.750000 3.750000 3.750000 3.750000 3.750000 3.750000 3.750000 3.750000 3.750000 3.750000 3.750000 3.750000 3.750000 3.750000 3.750000 3.750000 3.750000 3.750000 3.750000 3.750000 3.750000 3.750000 3.750000 
3.750000 3.750000 3.750000 3.750000 3.750000 3.750000 3.750000 3.750000 3.750000 3.750000 3.750000 3.750000 3.750000 3.750000 3.750000 3.750000 3.750000 3.750000 3.750000 3.750000 3.750000 3.750000 3.750000 3.750000 3.750000 3.750000 3.750000 3.750000 
3.750000 3.750000 3.750000 3.750000 3.750000 3.750000 3.750000 3.750000 3.750000 3.750000 3.750000 3.750000 3.750000 3.750000 3.750000 3.750000 3.750000 3.750000 3.750000 3.750000 3.750000 3.750000 3.750000 3.750000 3.750000 3.750000 3.750000 3.750000 
3.750000 3.750000 3.750000 3.750000 3.750000 3.750000 3.750000 3.750000 3.750000 3.750000 3.750000 3.750000 3.750000 3.750000 3.750000 3.750000 3.750000 3.750000 3.750000 3.750000 3.750000 3.750000 3.750000 3.750000 3.750000 3.750000 3.750000 3.750000 
3.750000 3.750000 3.750000 3.750000 3.750000 3.750000 3.750000 3.750000 3.750000 3.750000 3.750000 3.750000 3.750000 3.750000 3.750000 3.750000 3.750000 3.750000 3.750000 3.750000 3.750000 3.750000 3.750000 3.750000 3.750000 3.750000 3.750000 3.750000 
3.750000 3.750000 3.750000 3.750000 3.750000 3.750000 3.750000 3.750000 3.750000 3.750000 3.750000 3.750000 3.750000 3.750000 3.750000 3.750000 3.750000 3.750000 3.750000 3.750000 3.750000 3.750000 3.750000 3.750000 3.750000 3.750000 3.750000 3.750000 
3.750000 3.750000 3.750000 3.750000 3.750000 3.750000 3.750000 3.750000 3.750000 3.750000 3.750000 3.750000 3.750000 3.750000 3.750000 3.750000 3.750000 3.750000 3.750000 3.750000 3.750000 3.750000 3.750000 3.750000 3.750000 3.750000 3.750000 3.750000 
3.750000 3.750000 3.750000 3.750000 3.750000 3.750000 3.750000 3.750000 3.750000 3.750000 3.750000 3.750000 3.750000 3.750000 3.750000 3.750000 3.750000 3.750000 3.750000 3.750000 3.750000 3.750000 3.750000 3.750000 3.750000 3.750000 3.750000 3.750000 
3.750000 3.750000 3.750000 3.750000 3.750000 3.750000 3.750000 3.750000 3.750000 3.750000 3.750000 3.750000 3.750000 3.750000 3.750000 3.750000 3.750000 3.750000 3.750000 3.750000 3.750000 3.750000 3.750000 3.750000 3.750000 3.750000 3.750000 3.750000 
3.750000 3.750000 3.750000 3.750000 3.750000 3.750000 3.750000 3.750000 3.750000 3.750000 3.750000 3.750000 3.750000 3.750000 3.750000 3.750000 3.750000 3.750000 3.750000 3.750000 3.750000 3.750000 3.750000 3.750000 3.750000 3.750000 3.750000 3.750000 

